0.000000000000000000e+00 0.000000000000000000e+00 0.000000000000000000e+00
-2.405150633407075918e-03 -1.408365830140127610e-02 5.304983633620516392e-02
-4.674848740167399271e-03 -2.754223038789842953e-02 1.049352321242606328e-01
-6.811661204896726426e-03 -4.038100723518431301e-02 1.556684219996230523e-01
-8.818154912210808549e-03 -5.260527981895176536e-02 2.052616405977490954e-01
-1.069689674672540461e-02 -6.422033911489365143e-02 2.537271225540954078e-01
-1.245045359305626750e-02 -7.523147609870284303e-02 3.010771025041185656e-01
-1.408139233581915187e-02 -8.564398174607212866e-02 3.473238150832752558e-01
-1.559227985962981060e-02 -9.546314703269442870e-02 3.924794949270222211e-01
-1.698568304910400353e-02 -1.046942629342625247e-01 4.365563766708159266e-01
-1.826416878885747663e-02 -1.133426204264693510e-01 4.795666949501131149e-01
-1.943030396350599667e-02 -1.214135104850076891e-01 5.215226844003705287e-01
-2.048665545766531482e-02 -1.289122240855704316e-01 5.624365796570446330e-01
-2.143579015595117529e-02 -1.358440522038503739e-01 6.023206153555923370e-01
-2.228027494297934313e-02 -1.422142858155404088e-01 6.411870261314697172e-01
-2.302267670336557298e-02 -1.480282158963334427e-01 6.790480466201341825e-01
-2.366556232172561253e-02 -1.532911334219221877e-01 7.159159114570418092e-01
-2.421149868267522681e-02 -1.580083293679996059e-01 7.518028552776494511e-01
-2.466305267083017047e-02 -1.621850947102584928e-01 7.867211127174137397e-01
-2.502279117080618773e-02 -1.658267204243917547e-01 8.206829184117914178e-01
-2.529328106721903321e-02 -1.689384974860922428e-01 8.537005069962390058e-01
-2.547708924468447197e-02 -1.715257168710527247e-01 8.857861131062133575e-01
-2.557678258781825517e-02 -1.735936695549661068e-01 9.169519713771704383e-01
-2.559492798123613744e-02 -1.751476465135252403e-01 9.472103164445678791e-01
-2.553409230955386994e-02 -1.761929387224229482e-01 9.765733829438614233e-01
-2.539684245738720730e-02 -1.767348371573521371e-01 1.005053405510508480e+00
-2.518574530935191458e-02 -1.767786327940056024e-01 1.032662618779965236e+00
-2.490336775006373252e-02 -1.763296166080761951e-01 1.059413257387688212e+00
-2.455227666413842269e-02 -1.753930795752567939e-01 1.085317555969134817e+00
-2.413503893619174667e-02 -1.739743126712402777e-01 1.110387749159760906e+00
-2.365422145083944175e-02 -1.720786068717195250e-01 1.134636071595023443e+00
-2.311239109269727643e-02 -1.697112531523871926e-01 1.158074757910378949e+00
-2.251211474638099841e-02 -1.668775424889363257e-01 1.180716042741284166e+00
-2.185595929650636926e-02 -1.635827658570597198e-01 1.202572160723195394e+00
-2.114649162768914709e-02 -1.598322142324501427e-01 1.223655346491570040e+00
-2.038627862454508999e-02 -1.556311785908006673e-01 1.243977834681864181e+00
-1.957788717168993872e-02 -1.509849499078038948e-01 1.263551859929534560e+00
-1.872388415373943057e-02 -1.458988191591528150e-01 1.282389656870037919e+00
-1.782683645530936181e-02 -1.403780773205401677e-01 1.300503460138831002e+00
-1.688931096101544890e-02 -1.344280153676589984e-01 1.317905504371370107e+00
-1.591387455547349158e-02 -1.280539242762020191e-01 1.334608024203112198e+00
-1.490309412329920286e-02 -1.212610950218620531e-01 1.350623254269513573e+00
-1.385953654910835470e-02 -1.140548185803320624e-01 1.365963429206031421e+00
-1.278576871751668786e-02 -1.064403859273047037e-01 1.380640783648121150e+00
-1.168435751314000209e-02 -9.842308803847313325e-02 1.394667552231241281e+00
-1.055786982059401385e-02 -9.000821588952982732e-02 1.408055969590847445e+00
-9.408872524494453493e-03 -8.120106045616799773e-02 1.420818270362396163e+00
-8.239932509457127685e-03 -7.200691271408019012e-02 1.432966689181344178e+00
-7.053616660097766777e-03 -6.243106363895953304e-02 1.444513460683148010e+00
-5.852491861032121934e-03 -5.247880420649866928e-02 1.455470819503264845e+00
-4.639124996875944318e-03 -4.215542539239061637e-02 1.465851000277150762e+00
-3.416082952245019788e-03 -3.146621817232811424e-02 1.475666237640262946e+00
-2.185932611755078692e-03 -2.041647352200393062e-02 1.484928766228057917e+00
-9.512408600218930088e-04 -9.011482417111166265e-03 1.493650820675991753e+00
2.854254183388451314e-04 2.743464166657709046e-03 1.501844635619521195e+00
1.521499338711291812e-03 1.484307525360937553e-02 1.509522445694103654e+00
2.754414016479747422e-03 2.728205986805136082e-02 1.516696485535195205e+00
3.981602567028442313e-03 4.005512703429067733e-02 1.523378989778252590e+00
5.200498105741606890e-03 5.315698577663430929e-02 1.529582193058732331e+00
6.408533748003516009e-03 6.658234511938972144e-02 1.535318330012091392e+00
7.603142609198386415e-03 8.032591408686375056e-02 1.540599635273786072e+00
8.781757804710488627e-03 9.438240170336387180e-02 1.545438343479273113e+00
9.941812449924059339e-03 1.087465169931970538e-01 1.549846689264009481e+00
1.108073966022332657e-02 1.234129689806702929e-01 1.553836907263451472e+00
1.219597255099256344e-02 1.383764666900910434e-01 1.557421232113055609e+00
1.328494423761599798e-02 1.536317191457663711e-01 1.560611898448278856e+00
1.434508783547786860e-02 1.691734353720031059e-01 1.563421140904577955e+00
1.537383645996244150e-02 1.849963243931088963e-01 1.565861194117409205e+00
1.636862322645395509e-02 2.010950952333906694e-01 1.567944292722229571e+00
1.732688125033663568e-02 2.174644569171553243e-01 1.569682671354495351e+00
1.824604364699475637e-02 2.340991184687104820e-01 1.571088564649663288e+00
1.912354353181253824e-02 2.509937889123627919e-01 1.572174207243190125e+00
1.995681402017424749e-02 2.681431772724199303e-01 1.572951833770532382e+00
2.074328822746411907e-02 2.855419925731887965e-01 1.573433678867147023e+00
2.148039926906639141e-02 3.031849438389762064e-01 1.573631977168490570e+00
2.216558026036532375e-02 3.210667400940898641e-01 1.573558963310019321e+00
2.279626431674515452e-02 3.391820903628368078e-01 1.573226871927190462e+00
2.336988455359012215e-02 3.575257036695237423e-01 1.572647937655459849e+00
2.388387408628448588e-02 3.760922890384583162e-01 1.571834395130285333e+00
2.433566603021248415e-02 3.948765554939475675e-01 1.570798478987122548e+00
2.472269350075835537e-02 4.138732120602983122e-01 1.569552423861428236e+00
2.504238961330635532e-02 4.330769677618181990e-01 1.568108464388659362e+00
2.529218748324072244e-02 4.524825316228141547e-01 1.566478835204272446e+00
2.546952022594570555e-02 4.720846126675931065e-01 1.564675770943724453e+00
2.557182095680555003e-02 4.918779199204625918e-01 1.562711506242471460e+00
2.559652279120450125e-02 5.118571624057293157e-01 1.560598275735970430e+00
2.554105884452680802e-02 5.320170491477009822e-01 1.558348314059677886e+00
2.540286223215670186e-02 5.523522891706844629e-01 1.555973855849050569e+00
2.517936606947843853e-02 5.728575914989866291e-01 1.553487135739545444e+00
2.486800347187626339e-02 5.935276651569151296e-01 1.550900388366618587e+00
2.446620755473441489e-02 6.143572191687768358e-01 1.548225848365726964e+00
2.397141143343715225e-02 6.353409625588787302e-01 1.545475750372327095e+00
2.338104822336870350e-02 6.564736043515284614e-01 1.542662329021875722e+00
2.269255103991331748e-02 6.777498535710329008e-01 1.539797818949829145e+00
2.190335299845525344e-02 6.991644192416988091e-01 1.536894454791644549e+00
2.101088721437874979e-02 7.207120103878340567e-01 1.533964471182778233e+00
2.001258680306804150e-02 7.423873360337454042e-01 1.531020102758687162e+00
1.890588487990738781e-02 7.641851052037398340e-01 1.528073584154827413e+00
1.768821456028101674e-02 7.861000269221249948e-01 1.525137150006656173e+00
1.635700895957320489e-02 8.081268102132074249e-01 1.522223034949629961e+00
1.490970119316815945e-02 8.302601641012947731e-01 1.519343473619205298e+00
1.334372437645014314e-02 8.524947976106940217e-01 1.516510700650838706e+00
1.165651162480341174e-02 8.748254197657122644e-01 1.513736950679987370e+00
9.845496053612179388e-03 8.972467395906567056e-01 1.511034458342107145e+00
7.908110778260715734e-03 9.197534661098344388e-01 1.508415458272655441e+00
5.841788914133290433e-03 9.423403083475526687e-01 1.505892185107088554e+00
3.643963576614089872e-03 9.650019753281187107e-01 1.503476873480863008e+00
1.312067881087397581e-03 9.877331760758394363e-01 1.501181758029435542e+00
-1.156212691529106325e-03 1.010528507357767225e+00 1.499018819195568453e+00
-3.756188348405314296e-03 1.033379450282420065e+00 1.496992982397923777e+00
-6.475425413582742637e-03 1.056274041323659763e+00 1.495101373105251152e+00
-9.301089463982685837e-03 1.079200138694986766e+00 1.493340713137715658e+00
-1.222034607652623672e-02 1.102145600609898413e+00 1.491707724315481709e+00
-1.522036082813468458e-02 1.125098285281894261e+00 1.490199128458713940e+00
-1.828829929572933430e-02 1.148046050924473427e+00 1.488811647387577652e+00
-2.141132705623126353e-02 1.170976755751134357e+00 1.487542002922236817e+00
-2.457660968656176850e-02 1.193878257975376389e+00 1.486386916882856513e+00
-2.777131276364207604e-02 1.216738415810698193e+00 1.485343111089601820e+00
-3.098260186439349279e-02 1.239545087470599549e+00 1.484407307362636930e+00
-3.419764256573709638e-02 1.262286131168578240e+00 1.483576227522126700e+00
-3.740360044459418304e-02 1.284949405118134047e+00 1.482846593388235990e+00
-4.058764107788604553e-02 1.307522767532765862e+00 1.482215126781129433e+00
-4.373693004253376149e-02 1.329994076625971910e+00 1.481678549520971666e+00
-4.683863291545865837e-02 1.352351190611251530e+00 1.481233583427927547e+00
-4.987991527358200811e-02 1.374581967702104501e+00 1.480876950322161933e+00
-5.284794269382490223e-02 1.396674266112028384e+00 1.480605372023839461e+00
-5.572988075310863348e-02 1.418615944054522959e+00 1.480415570353124544e+00
-5.851289502835449463e-02 1.440394859743087341e+00 1.480304267130182261e+00
-6.118415109648359107e-02 1.461998871391219978e+00 1.480268184175177693e+00
-6.373081453441718780e-02 1.483415837212419541e+00 1.480304043308274364e+00
-6.614005091907659839e-02 1.504633615420186032e+00 1.480408566349638244e+00
-6.839902582738292824e-02 1.525640064228017456e+00 1.480578475119433302e+00
-7.049490483625743542e-02 1.546423041849412927e+00 1.480810491437824838e+00
-7.241485352262141961e-02 1.566970406497872670e+00 1.481101337124977046e+00
-7.414603746339601398e-02 1.587270016386893356e+00 1.481447734001054783e+00
-7.567562223550247658e-02 1.607309729729975434e+00 1.481846403886223129e+00
-7.699077341586213485e-02 1.627077404740618238e+00 1.482294068600646275e+00
-7.807865658139601095e-02 1.646560899632318886e+00 1.482787449964489301e+00
-7.892643730902548782e-02 1.665748072618578046e+00 1.483323269797917066e+00
-7.952128117567171250e-02 1.684626781912894389e+00 1.483898249921093759e+00
-7.985035375825597082e-02 1.703184885728765918e+00 1.484509112154184463e+00
-7.990082063369942367e-02 1.721410242279692859e+00 1.485152578317354255e+00
-7.965984737892337075e-02 1.739290709779172772e+00 1.485825370230767328e+00
-7.911459957084900074e-02 1.756814146440706326e+00 1.486524209714588318e+00
-7.825224278639751618e-02 1.773968410477790858e+00 1.487245818588982305e+00
-7.705994260249018901e-02 1.790741360103925928e+00 1.487986918674113923e+00
-7.552486459604823565e-02 1.807120853532611315e+00 1.488744231790148032e+00
-7.363417434399285866e-02 1.823094748977344359e+00 1.489514479757249044e+00
-7.137503742324527445e-02 1.838650904651625062e+00 1.490294384395581595e+00
-6.873461941072669945e-02 1.853777178768952316e+00 1.491080667525311210e+00
-6.570008588335846111e-02 1.868461429542824570e+00 1.491870050966601857e+00
-6.225860241806172035e-02 1.882691515186741382e+00 1.492659256539618173e+00
-5.839733459175758257e-02 1.896455293914201423e+00 1.493445006064525460e+00
-5.410344798136751399e-02 1.909740623938703585e+00 1.494224021361488353e+00
-4.936410816381264777e-02 1.922535363473746983e+00 1.494993024250670821e+00
-4.416648071601395054e-02 1.934827370732830953e+00 1.495748736552238611e+00
-3.849773121489311056e-02 1.946604503929453056e+00 1.496487880086356137e+00
-3.234502523737103896e-02 1.957854621277113294e+00 1.497207176673187590e+00
-2.569552836036897991e-02 1.968565580989310781e+00 1.497903348132898271e+00
-1.853640616080831638e-02 1.978725241279544633e+00 1.498573116285653040e+00
-1.085482421561023703e-02 1.988321460361312631e+00 1.499213202951615864e+00
-2.637948101695708480e-03 1.997342096448114557e+00 1.499820329950952047e+00
6.125784168535234817e-03 2.005776523226391106e+00 1.500391448956371443e+00
1.543443873752552500e-02 2.013630187958418638e+00 1.500925949527936787e+00
2.527795317155462698e-02 2.020918219055293896e+00 1.501424689570433291e+00
3.564615332788803603e-02 2.027655877973749021e+00 1.501888547167746113e+00
4.652886506379195347e-02 2.033858426170514822e+00 1.502318400403759524e+00
5.791591423653232040e-02 2.039541125102323882e+00 1.502715127362357572e+00
6.979712670337541447e-02 2.044719236225907455e+00 1.503079606127424750e+00
8.216232832158661126e-02 2.049408020997997237e+00 1.503412714782846216e+00
9.500134494843216759e-02 2.053622740875325370e+00 1.503715331412505796e+00
1.083040024411783542e-01 2.057378657314623549e+00 1.503988334100287982e+00
1.220601266570905119e-01 2.060691031772623028e+00 1.504232600930077268e+00
1.362595434534348837e-01 2.063575125706056834e+00 1.504449009985758146e+00
1.508920786874778652e-01 2.066046200571654889e+00 1.504638439351215329e+00
1.659475582164846308e-01 2.068119517826149778e+00 1.504801767110332866e+00
1.814158078977215482e-01 2.069810338926273641e+00 1.504939871346995250e+00
1.972866535884549299e-01 2.071133925328758174e+00 1.505053630145086974e+00
2.135499211459500057e-01 2.072105538490334187e+00 1.505143921588492750e+00
2.301954364274730880e-01 2.072740439867734263e+00 1.505211623761096629e+00
2.472130252902906000e-01 2.073053890917689657e+00 1.505257614746783323e+00
2.645925135916675774e-01 2.073061153096932951e+00 1.505282772629437105e+00
2.823237271888705546e-01 2.072777487862195400e+00 1.505287975492942465e+00
3.003964919391658439e-01 2.072218156670207811e+00 1.505274101421184119e+00
3.188006336998184809e-01 2.071398420977703658e+00 1.505242028498046114e+00
3.375259783280949444e-01 2.070333542241413749e+00 1.505192634807413166e+00
3.565623516812616578e-01 2.069038781918070224e+00 1.505126798433169766e+00
3.758995796165836012e-01 2.067529401464403893e+00 1.505045397459200185e+00
3.955274879913273089e-01 2.065820662337147340e+00 1.504949309969388693e+00
4.154359026627590379e-01 2.063927825993032261e+00 1.504839414047619783e+00
4.356146494881439901e-01 2.061866153888789910e+00 1.504716587777778614e+00
4.560535543247485890e-01 2.059650907481152426e+00 1.504581709243749010e+00
4.767424430298390359e-01 2.057297348226851952e+00 1.504435656529415466e+00
4.976711414606805883e-01 2.054820737582618850e+00 1.504279307718662251e+00
5.188294754745396142e-01 2.052236337005187039e+00 1.504113540895374079e+00
5.402072709286820373e-01 2.049559407951285994e+00 1.503939234143435666e+00
5.617943536803744475e-01 2.046805211877648745e+00 1.503757265546731059e+00
5.835805495868816584e-01 2.043989010241006987e+00 1.503568513189144529e+00
6.055556845054701487e-01 2.041126064498091974e+00 1.503373855154561012e+00
6.277095842934066194e-01 2.038231636105635847e+00 1.503174169526865001e+00
6.500320748079557731e-01 2.035320986520370745e+00 1.502970334389940543e+00
6.725129819063839776e-01 2.032409377199027034e+00 1.502763227827671910e+00
6.951421314459580447e-01 2.029512069598338186e+00 1.502553727923944038e+00
7.179093492839425661e-01 2.026644325175034567e+00 1.502342712762641197e+00
7.408044612776043536e-01 2.023821405385848760e+00 1.502131060427648102e+00
7.638172932842096641e-01 2.021058571687512018e+00 1.501919649002848800e+00
7.869376711610236441e-01 2.018371085536755594e+00 1.501709356572127563e+00
8.101554207653121065e-01 2.015774208390312960e+00 1.501501061219369548e+00
8.334603679543425292e-01 2.013283201704914482e+00 1.501295641028458583e+00
8.568423385853792817e-01 2.010913326937291856e+00 1.501093974083279603e+00
8.802911585156886209e-01 2.008679845544177223e+00 1.500896938467716657e+00
9.037966536025379138e-01 2.006598018982303167e+00 1.500705412265654237e+00
9.273486497031910858e-01 2.004683108708399608e+00 1.500520273560977058e+00
9.509369726749149487e-01 2.002950376179200020e+00 1.500342400437569168e+00
9.745514483749762036e-01 2.001415082851434768e+00 1.500172670979315281e+00
9.981819026606397749e-01 2.000092490181836880e+00 1.500011963270100113e+00
1.021818087930902230e+00 1.998994507863972370e+00 1.499861009592714733e+00
1.045449386190135277e+00 1.998116145179114511e+00 1.499719807065065691e+00
1.069065062963741930e+00 1.997447096691478796e+00 1.499588121615825331e+00
1.092654383734614987e+00 1.996977055025605186e+00 1.499465719089291937e+00
1.116206613985645912e+00 1.996695712806033418e+00 1.499352365329762460e+00
1.139711019199726616e+00 1.996592762657302345e+00 1.499247826181534515e+00
1.163156864859751005e+00 1.996657897203951482e+00 1.499151867488905721e+00
1.186533416448608547e+00 1.996880809070520346e+00 1.499064255096173470e+00
1.209829939449192260e+00 1.997251190881548455e+00 1.498984754847635159e+00
1.233035699344394054e+00 1.997758735261574436e+00 1.498913132587588404e+00
1.256139961617106282e+00 1.998393134835138252e+00 1.498849154160330599e+00
1.279131991750221076e+00 1.999144082226778973e+00 1.498792585410159361e+00
1.302001055226631898e+00 2.000001270061036784e+00 1.498743192181371864e+00
1.324736417529227994e+00 2.000954390962449647e+00 1.498700740318265945e+00
1.347327344140902827e+00 2.001993137555558633e+00 1.498664995665138777e+00
1.369763100544548529e+00 2.003107202464901704e+00 1.498635724066287978e+00
1.392032952223057007e+00 2.004286278315018599e+00 1.498612691366011385e+00
1.414126164659320395e+00 2.005520057730449057e+00 1.498595663408605949e+00
1.436032003336230600e+00 2.006798233335732373e+00 1.498584406038369066e+00
1.457739733736681309e+00 2.008110497755406954e+00 1.498578685099598795e+00
1.479238621343561766e+00 2.009446543614014313e+00 1.498578266436592310e+00
1.500517931639765434e+00 2.010796063536091527e+00 1.498582915893646783e+00
1.521566930108184446e+00 2.012148750146178777e+00 1.498592399315060275e+00
1.542374882231710709e+00 2.013494296068816247e+00 1.498606482545129959e+00
1.562931053493236799e+00 2.014822393928542343e+00 1.498624931428153229e+00
1.583224709375654848e+00 2.016122736349897249e+00 1.498647511808427923e+00
1.603245115361855655e+00 2.017385015957418926e+00 1.498673989530251216e+00
1.622981536934732238e+00 2.018598925375648001e+00 1.498704130437920279e+00
1.642423239577176508e+00 2.019754157229123770e+00 1.498737700375733395e+00
1.661559488772080151e+00 2.020840404142385527e+00 1.498774465187987515e+00
1.680379550002335964e+00 2.021847358739971678e+00 1.498814190718980033e+00
1.698872688750836302e+00 2.022764713646423296e+00 1.498856642813009010e+00
1.717028170500471962e+00 2.023582161486277897e+00 1.498901587314371175e+00
1.734835260734135742e+00 2.024289394884076554e+00 1.498948790067364589e+00
1.752283224934719330e+00 2.024876106464357228e+00 1.498998016916286424e+00
1.769361328585115301e+00 2.025331988851660547e+00 1.499049033705434297e+00
1.786058837168215563e+00 2.025646734670524474e+00 1.499101606279105603e+00
1.802365016166912470e+00 2.025810036545489634e+00 1.499155500481597958e+00
1.818269131064097488e+00 2.025811587101094879e+00 1.499210482157208535e+00
1.833760447342662969e+00 2.025641078961879948e+00 1.499266317150234951e+00
1.848828230485500823e+00 2.025288204752383692e+00 1.499322771304975044e+00
1.863461745975503403e+00 2.024742657097145848e+00 1.499379610465725987e+00
1.877650259295562618e+00 2.023994128620704824e+00 1.499436600476785175e+00
1.891383035928570600e+00 2.023032311947601691e+00 1.499493507182450225e+00
1.904649341357419479e+00 2.021846899702374856e+00 1.499550096427018531e+00
1.917438441065000942e+00 2.020427584509563168e+00 1.499606134054787709e+00
1.929739600534207788e+00 2.018764058993707255e+00 1.499661385910055378e+00
1.941542085247931260e+00 2.016846015779345080e+00 1.499715617837118486e+00
1.952835160689064153e+00 2.014663147491017714e+00 1.499768595680274874e+00
1.963608092340497713e+00 2.012205146753263119e+00 1.499820085283821935e+00
1.973850145685125401e+00 2.009461706190621033e+00 1.499869852492057509e+00
1.983550586205837352e+00 2.006422518427630752e+00 1.499917663149278324e+00
1.992698679385527250e+00 2.003077276088832015e+00 1.499963283099782441e+00
2.001283706031050880e+00 1.999415686786730317e+00 1.500006478365500495e+00
2.009301350451136337e+00 1.995433721230149615e+00 1.500047089196714589e+00
2.016763578667307488e+00 1.991143274841857380e+00 1.500085144578675145e+00
2.023684906225765356e+00 1.986558736667474623e+00 1.500120703050308091e+00
2.030079848672710519e+00 1.981694495752622798e+00 1.500153823150538690e+00
2.035962921554343552e+00 1.976564941142923137e+00 1.500184563418292871e+00
2.041348640416864590e+00 1.971184461883996430e+00 1.500212982392496119e+00
2.046251520806474211e+00 1.965567447021464131e+00 1.500239138612073697e+00
2.050686078269372992e+00 1.959728285600947251e+00 1.500263090615951755e+00
2.054666828351761065e+00 1.953681366668067243e+00 1.500284896943055779e+00
2.058208286599839454e+00 1.947441079268445119e+00 1.500304616132311475e+00
2.061324968559807846e+00 1.941021812447702111e+00 1.500322306722644328e+00
2.064031389777867265e+00 1.934437955251459007e+00 1.500338027252980266e+00
2.066342065800218286e+00 1.927703896725337707e+00 1.500351836262244332e+00
2.068271512173060600e+00 1.920834025914958776e+00 1.500363792289362674e+00
2.069834244442595228e+00 1.913842731865943891e+00 1.500373953873260557e+00
2.071044778155022748e+00 1.906744403623913175e+00 1.500382379552864132e+00
2.071917628856543292e+00 1.899553430234488971e+00 1.500389127867098438e+00
2.072467312093357439e+00 1.892284200743292288e+00 1.500394257354889405e+00
2.072708343411665322e+00 1.884951104195944138e+00 1.500397826555162739e+00
2.072655238357668406e+00 1.877568529638065309e+00 1.500399894006843704e+00
2.072322512477565937e+00 1.870150866115277477e+00 1.500400518248858450e+00
2.071724681317558492e+00 1.862712502673201431e+00 1.500399757820132240e+00
2.070876260423847093e+00 1.855267828357458626e+00 1.500397671259590782e+00
2.069791765342632761e+00 1.847831232213670294e+00 1.500394317106159559e+00
2.068485711620113854e+00 1.840417103287457223e+00 1.500389753898764722e+00
2.066972614802493169e+00 1.833039830624441091e+00 1.500384040176331313e+00
2.065266990435969507e+00 1.825713803270242908e+00 1.500377234477785038e+00
2.063383354066744779e+00 1.818453410270483239e+00 1.500369395342052048e+00
2.061336221241017785e+00 1.811273040670783985e+00 1.500360581308057384e+00
2.059140107504990436e+00 1.804187083516766377e+00 1.500350850914727197e+00
2.056809528404862419e+00 1.797209927854051426e+00 1.500340262700986305e+00
2.054358999486834314e+00 1.790355962728260142e+00 1.500328875205761081e+00
2.051803036297106253e+00 1.783639577185013758e+00 1.500316746967977011e+00
2.049156154381879258e+00 1.777075160269933285e+00 1.500303936526559800e+00
2.046432869287353018e+00 1.770677101028640399e+00 1.500290502420434269e+00
2.043647696559729443e+00 1.764459788506755666e+00 1.500276503188527455e+00
2.040815151745207778e+00 1.758437611749900764e+00 1.500261997369763733e+00
2.037949750389988157e+00 1.752624959803696481e+00 1.500247043503069477e+00
2.035066008040272045e+00 1.747036221713764492e+00 1.500231700127370171e+00
2.032178440242259576e+00 1.741685786525725588e+00 1.500216025781591078e+00
2.029301562542150883e+00 1.736588043285200333e+00 1.500200079004658127e+00
2.026449890486146987e+00 1.731757381037811294e+00 1.500183918335496802e+00
2.023637939620448023e+00 1.727208188829178814e+00 1.500167602313033033e+00
2.020880225491253679e+00 1.722954855704924126e+00 1.500151189476192304e+00
2.018191263644765865e+00 1.719011770710668463e+00 1.500134738363900100e+00
2.015585569627184270e+00 1.715393322892033279e+00 1.500118307515082128e+00
2.013077658984709029e+00 1.712113901294638918e+00 1.500101955468664094e+00
2.010682047263541161e+00 1.709187894964107723e+00 1.500085740763571485e+00
2.008413250009880802e+00 1.706629692946060040e+00 1.500069721938730227e+00
2.006285782769928527e+00 1.704453684286117543e+00 1.500053957533065585e+00
2.004314161089885360e+00 1.702674258029900578e+00 1.500038506085503487e+00
2.002512900515950545e+00 1.701305803223031266e+00 1.500023426134969418e+00
2.000896516594325103e+00 1.700362708911130394e+00 1.500008776220388640e+00
1.999479304432838056e+00 1.699859109049030703e+00 1.499994614325584896e+00
1.998266156120133585e+00 1.699798256438896926e+00 1.499980974755912966e+00
1.997249243569053423e+00 1.700168684124043539e+00 1.499967859785074742e+00
1.996419835776869212e+00 1.700957880295914215e+00 1.499955269413070003e+00
1.995769201740852150e+00 1.702153333145954628e+00 1.499943203639898970e+00
1.995288610458273659e+00 1.703742530865609117e+00 1.499931662465561422e+00
1.994969330926405604e+00 1.705712961646321801e+00 1.499920645890057136e+00
1.994802632142518739e+00 1.708052113679538353e+00 1.499910153913386557e+00
1.994779783103885151e+00 1.710747475156703112e+00 1.499900186535549462e+00
1.994892052807776039e+00 1.713786534269260420e+00 1.499890743756545852e+00
1.995130710251462380e+00 1.717156779208655282e+00 1.499881825576375949e+00
1.995487024432216261e+00 1.720845698166332260e+00 1.499873431995039530e+00
1.995952264347308658e+00 1.724840779333736585e+00 1.499865563012536596e+00
1.996517698994011214e+00 1.729129510902312150e+00 1.499858218628867146e+00
1.997174597369595350e+00 1.733699381063503742e+00 1.499851398844031181e+00
1.997914228471332265e+00 1.738537878008756810e+00 1.499845103658028922e+00
1.998727861296493380e+00 1.743632489929515250e+00 1.499839333070859926e+00
1.999606764842350337e+00 1.748970705017224292e+00 1.499834087082524636e+00
2.000542208106175224e+00 1.754540011463328497e+00 1.499829365693023053e+00
2.001525460085237462e+00 1.760327897459272428e+00 1.499825168902354733e+00
2.002547789776810472e+00 1.766321851196500647e+00 1.499821496710520119e+00
2.003600466178164563e+00 1.772509360866458161e+00 1.499818349117518990e+00
2.004674758286572267e+00 1.778877914660589310e+00 1.499815726123351123e+00
2.005761935099303450e+00 1.785415000770339322e+00 1.499813627728016963e+00
2.006853265613630644e+00 1.792108107387152538e+00 1.499812053931516731e+00
2.007940018826825046e+00 1.798944722702473964e+00 1.499811004733849540e+00
2.009013463736158300e+00 1.805912334907747718e+00 1.499810480135016055e+00
2.010064869338901161e+00 1.812998432194418807e+00 1.499810480135016055e+00
2.011085504632324827e+00 1.820190502753932238e+00 1.499811004733849540e+00
2.012066638613702274e+00 1.827476034777732128e+00 1.499812053931516509e+00
2.012999540280303368e+00 1.834842516457263706e+00 1.499813627728016963e+00
2.013875478629400639e+00 1.842277435983971534e+00 1.499815726123351345e+00
2.014685722658264844e+00 1.849768281549299953e+00 1.499818349117518990e+00
2.015421541364167624e+00 1.857302541344693747e+00 1.499821496710520119e+00
2.016074203744380178e+00 1.864867703561598145e+00 1.499825168902354733e+00
2.016634978796173705e+00 1.872451256391457264e+00 1.499829365693023053e+00
2.017095135516820736e+00 1.880040688025716333e+00 1.499834087082524636e+00
2.017445942903591138e+00 1.887623486655819693e+00 1.499839333070860148e+00
2.017678669953757886e+00 1.895187140473212128e+00 1.499845103658028922e+00
2.017784585664591290e+00 1.902719137669337979e+00 1.499851398844031403e+00
2.017754959033362994e+00 1.910206966435642251e+00 1.499858218628867146e+00
2.017581059057344639e+00 1.917638114963569951e+00 1.499865563012536596e+00
2.017254154733808313e+00 1.925000071444564753e+00 1.499873431995039530e+00
2.016765515060023883e+00 1.932280324070073441e+00 1.499881825576375949e+00
2.016106409033263880e+00 1.939466361031538355e+00 1.499890743756546074e+00
2.015268105650799502e+00 1.946545670520405391e+00 1.499900186535549462e+00
2.014241873909901948e+00 1.953505740728119111e+00 1.499910153913386557e+00
2.013018982807842860e+00 1.960334059846123855e+00 1.499920645890057136e+00
2.011590701341893883e+00 1.967018116065864630e+00 1.499931662465561200e+00
2.009948298509325770e+00 1.973545397578786442e+00 1.499943203639898748e+00
2.008083043307410609e+00 1.979903392576333410e+00 1.499955269413070225e+00
2.005986204733419154e+00 1.986079589249950539e+00 1.499967859785074742e+00
2.003649051784623047e+00 1.992061475791082614e+00 1.499980974755912966e+00
2.001062853458294377e+00 1.997836540391173976e+00 1.499994614325584674e+00
1.998219560815092999e+00 2.003392792990670301e+00 1.500008776220388862e+00
1.995120733750100461e+00 2.008725593872873638e+00 1.500023426134969418e+00
1.991775035209158773e+00 2.013835736847786162e+00 1.500038506085503265e+00
1.988191294657493113e+00 2.018724143105540492e+00 1.500053957533065585e+00
1.984378341560326664e+00 2.023391733836268358e+00 1.500069721938730227e+00
1.980345005382884604e+00 2.027839430230099715e+00 1.500085740763571485e+00
1.976100115590390560e+00 2.032068153477166739e+00 1.500101955468664094e+00
1.971652501648069045e+00 2.036078824767600270e+00 1.500118307515082350e+00
1.967010993021144571e+00 2.039872365291532041e+00 1.500134738363900100e+00
1.962184419174840988e+00 2.043449696239092450e+00 1.500151189476192304e+00
1.957181609574382808e+00 2.046811738800414116e+00 1.500167602313033033e+00
1.952011393684994101e+00 2.049959414165626548e+00 1.500183918335496802e+00
1.946682600971899380e+00 2.052893643524861922e+00 1.500200079004658127e+00
1.941204060900322714e+00 2.055615348068251969e+00 1.500216025781590856e+00
1.935584602935488618e+00 2.058125448985927530e+00 1.500231700127370171e+00
1.929833056542621161e+00 2.060424867468019450e+00 1.500247043503069255e+00
1.923958251186944635e+00 2.062514524704659458e+00 1.500261997369763733e+00
1.917969016333683774e+00 2.064395341885979285e+00 1.500276503188527233e+00
1.911874181448061982e+00 2.066068240202109330e+00 1.500290502420434491e+00
1.905682575995303996e+00 2.067534140843180879e+00 1.500303936526559578e+00
1.899403029440633883e+00 2.068793964999325663e+00 1.500316746967977233e+00
1.893044371249276381e+00 2.069848633860674525e+00 1.500328875205761081e+00
1.886615430886455336e+00 2.070699068617359195e+00 1.500340262700986083e+00
1.880125037817395262e+00 2.071346190459510517e+00 1.500350850914726974e+00
1.873582021507320450e+00 2.071790920577260220e+00 1.500360581308057384e+00
1.866995211421454970e+00 2.072034180160738703e+00 1.500369395342052048e+00
1.860373437025022669e+00 2.072076890400078586e+00 1.500377234477785260e+00
1.853725527783248728e+00 2.071919972485409378e+00 1.500384040176331535e+00
1.847060313161356992e+00 2.071564347606863699e+00 1.500389753898764500e+00
1.840386622624571977e+00 2.071010936954573278e+00 1.500394317106159559e+00
1.833713285638117529e+00 2.070260661718667627e+00 1.500397671259590782e+00
1.827049131667217940e+00 2.069314443089278921e+00 1.500399757820132240e+00
1.820402990177097502e+00 2.068173202256538445e+00 1.500400518248858450e+00
1.813783690632980949e+00 2.066837860410577488e+00 1.500399894006843926e+00
1.807200062500092130e+00 2.065309338741526890e+00 1.500397826555162961e+00
1.800660935243655558e+00 2.063588558439518383e+00 1.500394257354889183e+00
1.794175138328895525e+00 2.061676440694683254e+00 1.500389127867098438e+00
1.787751501221035877e+00 2.059573906697152346e+00 1.500382379552863910e+00
1.781398853385300907e+00 2.057281877637057388e+00 1.500373953873260557e+00
1.775126024286915349e+00 2.054801274704529668e+00 1.500363792289362674e+00
1.768941843391103497e+00 2.052133019089699584e+00 1.500351836262244554e+00
1.762855140163088752e+00 2.049278031982698867e+00 1.500338027252980266e+00
1.756874744068096517e+00 2.046237234573659691e+00 1.500322306722644550e+00
1.751009484571350416e+00 2.043011548052712456e+00 1.500304616132311475e+00
1.745268191138074965e+00 2.039601893609988004e+00 1.500284896943055779e+00
1.739659693233494231e+00 2.036009192435618509e+00 1.500263090615951755e+00
1.734192820322832507e+00 2.032234365719734814e+00 1.500239138612073697e+00
1.728876401871314306e+00 2.028278334652467763e+00 1.500212982392495897e+00
1.723719267344163697e+00 2.024142020423949972e+00 1.500184563418292649e+00
1.718730246206604750e+00 2.019826344224310510e+00 1.500153823150538690e+00
1.713918167923861757e+00 2.015332227243682883e+00 1.500120703050307869e+00
1.709291861961159675e+00 2.010660590672197046e+00 1.500085144578675145e+00
1.704860157783722352e+00 2.005812355699984284e+00 1.500047089196714367e+00
1.700631884856773635e+00 2.000788443517176329e+00 1.500006478365500495e+00
1.696614634910005304e+00 1.995590573576448756e+00 1.499963283099782663e+00
1.692808095276392422e+00 1.990225563175429091e+00 1.499917663149278546e+00
1.689208844536177923e+00 1.984702234564174494e+00 1.499869852492057509e+00
1.685813453830172337e+00 1.979029414790716590e+00 1.499820085283822158e+00
1.682618494299186418e+00 1.973215930903085003e+00 1.499768595680275096e+00
1.679620537084030474e+00 1.967270609949309579e+00 1.499715617837118486e+00
1.676816153325515479e+00 1.961202278977421276e+00 1.499661385910055600e+00
1.674201914164452409e+00 1.955019765035450163e+00 1.499606134054787709e+00
1.671774390741651350e+00 1.948731895171426087e+00 1.499550096427018531e+00
1.669530154197923499e+00 1.942347496433379783e+00 1.499493507182450225e+00
1.667465775674079165e+00 1.935875395869341320e+00 1.499436600476785175e+00
1.665577826310929321e+00 1.929324420527341211e+00 1.499379610465725987e+00
1.663862877249284278e+00 1.922703397455409302e+00 1.499322771304975044e+00
1.662317499629955009e+00 1.916021153701575441e+00 1.499266317150235173e+00
1.660938264593752045e+00 1.909286516313871251e+00 1.499210482157208535e+00
1.659721743281486361e+00 1.902508312340325913e+00 1.499155500481597958e+00
1.658664506833968266e+00 1.895695368828970606e+00 1.499101606279105603e+00
1.657763126392008957e+00 1.888856512827834511e+00 1.499049033705434297e+00
1.657014173096418297e+00 1.882000571384948584e+00 1.498998016916286424e+00
1.656414218088007706e+00 1.875136371548342895e+00 1.498948790067364589e+00
1.655959832507587493e+00 1.868272740366047291e+00 1.498901587314371397e+00
1.655647587495968187e+00 1.861418504886092951e+00 1.498856642813009010e+00
1.655474054193961209e+00 1.854582492156509499e+00 1.498814190718980255e+00
1.655435803742376422e+00 1.847773529225327227e+00 1.498774465187987515e+00
1.655529407282024801e+00 1.841000443140576648e+00 1.498737700375733395e+00
1.655751435953716877e+00 1.834272060950286942e+00 1.498704130437920501e+00
1.656098460898263847e+00 1.827597209702490177e+00 1.498673989530251216e+00
1.656567053256475797e+00 1.820984716445215534e+00 1.498647511808427701e+00
1.657153784169163924e+00 1.814443408226493304e+00 1.498624931428153451e+00
1.657855224777138314e+00 1.807982112094354221e+00 1.498606482545129959e+00
1.658667946221210165e+00 1.801609655096828133e+00 1.498592399315060275e+00
1.659588519642189786e+00 1.795334864281945331e+00 1.498582915893646783e+00
1.660613516180888150e+00 1.789166566697736327e+00 1.498578266436592088e+00
1.661739506978116010e+00 1.783113589392230747e+00 1.498578685099598795e+00
1.662963063174683453e+00 1.777184759413459769e+00 1.498584406038369066e+00
1.664280755911401677e+00 1.771388903809453019e+00 1.498595663408605727e+00
1.665689156329081211e+00 1.765734849628240788e+00 1.498612691366011163e+00
1.667184835568533030e+00 1.760231423917853588e+00 1.498635724066287978e+00
1.668764364770567443e+00 1.754887453726320823e+00 1.498664995665138777e+00
1.670424315075994759e+00 1.749711766101674337e+00 1.498700740318265945e+00
1.672161257625626618e+00 1.744713188091943534e+00 1.498743192181371642e+00
1.673971763560273107e+00 1.739900546745158261e+00 1.498792585410159139e+00
1.675852404020744979e+00 1.735282669109349696e+00 1.498849154160330599e+00
1.677799750147852986e+00 1.730868382232547020e+00 1.498913132587588182e+00
1.679810373082407660e+00 1.726666513162781413e+00 1.498984754847635159e+00
1.681880843965219752e+00 1.722685888948082944e+00 1.499064255096173248e+00
1.684007733937100237e+00 1.718935336636481459e+00 1.499151867488905721e+00
1.686187614138859647e+00 1.715423683276007694e+00 1.499247826181534515e+00
1.688417055711308290e+00 1.712159755914691495e+00 1.499352365329762460e+00
1.690692629795256918e+00 1.709152381600563375e+00 1.499465719089291937e+00
1.693010907531516729e+00 1.706410387381653404e+00 1.499588121615825553e+00
1.695368460060898252e+00 1.703942600305992094e+00 1.499719807065065691e+00
1.697761858524211354e+00 1.701757847421609515e+00 1.499861009592714955e+00
1.700187673814644640e+00 1.699864954115298588e+00 1.500011963270100113e+00
1.702641798337869883e+00 1.698268193983397900e+00 1.500172670979315503e+00
1.705117966958787035e+00 1.696957366260847699e+00 1.500342400437569168e+00
1.707609486649439567e+00 1.695919399564375096e+00 1.500520273560976836e+00
1.710109664381870287e+00 1.695141222510706758e+00 1.500705412265654237e+00
1.712611807128123331e+00 1.694609763716569573e+00 1.500896938467716657e+00
1.715109221860242394e+00 1.694311951798690430e+00 1.501093974083279381e+00
1.717595215550269616e+00 1.694234715373796218e+00 1.501295641028458805e+00
1.720063095170249579e+00 1.694364983058614049e+00 1.501501061219369548e+00
1.722506167692225532e+00 1.694689683469870367e+00 1.501709356572127563e+00
1.724917740088240281e+00 1.695195745224292283e+00 1.501919649002848578e+00
1.727291119330337743e+00 1.695870096938606908e+00 1.502131060427647880e+00
1.729619612390561167e+00 1.696699667229540909e+00 1.502342712762641197e+00
1.731896526240954026e+00 1.697671384713821174e+00 1.502553727923944260e+00
1.734115167853559569e+00 1.698772178008174150e+00 1.502763227827672132e+00
1.736268844200421713e+00 1.699988975729327612e+00 1.502970334389940321e+00
1.738350862253583484e+00 1.701308706494008005e+00 1.503174169526865001e+00
1.740354528985088356e+00 1.702718298918942219e+00 1.503373855154561234e+00
1.742273151366979578e+00 1.704204681620856698e+00 1.503568513189144529e+00
1.744100036371300844e+00 1.705754783216478776e+00 1.503757265546731059e+00
1.745828490970095626e+00 1.707355532322535563e+00 1.503939234143435666e+00
1.747451822135406951e+00 1.708993857555753504e+00 1.504113540895374301e+00
1.748963336839278737e+00 1.710656687532859710e+00 1.504279307718662251e+00
1.750356342053754011e+00 1.712330950870580848e+00 1.504435656529415466e+00
1.751624144750876910e+00 1.714003576185644029e+00 1.504581709243748788e+00
1.752760051902689575e+00 1.715661492094776142e+00 1.504716587777778836e+00
1.753757370481236366e+00 1.717291627214703853e+00 1.504839414047620005e+00
1.754609407458560755e+00 1.718880910162154274e+00 1.504949309969388693e+00
1.755309469806705325e+00 1.720416269553854294e+00 1.505045397459199963e+00
1.755850864497714436e+00 1.721884634006530357e+00 1.505126798433169544e+00
1.756226898503630895e+00 1.723272932136909796e+00 1.505192634807413166e+00
1.756430878796498618e+00 1.724568092561719279e+00 1.505242028498046336e+00
1.756456112348360632e+00 1.725757043897685916e+00 1.505274101421184119e+00
1.756295906131260631e+00 1.726826714761536152e+00 1.505287975492942465e+00
1.755943567117241644e+00 1.727764033769997321e+00 1.505282772629437105e+00
1.755392402278347364e+00 1.728555929539796310e+00 1.505257614746783101e+00
1.754635718586621262e+00 1.729189330687659565e+00 1.505211623761096407e+00
1.753666823014106591e+00 1.729651165830314419e+00 1.505143921588492750e+00
1.752479022532847264e+00 1.729928363584487760e+00 1.505053630145086974e+00
1.751065624114886088e+00 1.730007852566905813e+00 1.504939871346995250e+00
1.749419934732266313e+00 1.729876561394296131e+00 1.504801767110332866e+00
1.747535261357032299e+00 1.729521418683385381e+00 1.504638439351215329e+00
1.745404910961226630e+00 1.728929353050900453e+00 1.504449009985758146e+00
1.743022190516893222e+00 1.728087293113568013e+00 1.504232600930077268e+00
1.740380406996074880e+00 1.726982167488115394e+00 1.503988334100287982e+00
1.737472867370815743e+00 1.725600904791269263e+00 1.503715331412505796e+00
1.734292878613158839e+00 1.723930433639756288e+00 1.503412714782846216e+00
1.730833747695147196e+00 1.721957682650303356e+00 1.503079606127425194e+00
1.727088781588825173e+00 1.719669580439637802e+00 1.502715127362357572e+00
1.723051287266235798e+00 1.717053055624486291e+00 1.502318400403759302e+00
1.718714571699422322e+00 1.714095036821575935e+00 1.501888547167746335e+00
1.714071941860427994e+00 1.710782452647633178e+00 1.501424689570433513e+00
1.709116704721296953e+00 1.707102231719384910e+00 1.500925949527936565e+00
1.703842167254071782e+00 1.703041302653557576e+00 1.500391448956371443e+00
1.698241684381436967e+00 1.698586681134472531e+00 1.499820329950952047e+00
1.692312100184405477e+00 1.693731718374297701e+00 1.499213202951615864e+00
1.686056051780752130e+00 1.688480284438824253e+00 1.498573116285652818e+00
1.679476722476016759e+00 1.682837241148149365e+00 1.497903348132898271e+00
1.672577295575738976e+00 1.676807450322369553e+00 1.497207176673187590e+00
1.665360954385459502e+00 1.670395773781581772e+00 1.496487880086356137e+00
1.657830882210716839e+00 1.663607073345882537e+00 1.495748736552238833e+00
1.649990262357052817e+00 1.656446210835369914e+00 1.494993024250671043e+00
1.641842278130006383e+00 1.648918048070139974e+00 1.494224021361488353e+00
1.633390112835117369e+00 1.641027446870289896e+00 1.493445006064525460e+00
1.624636949777925832e+00 1.632779269055916860e+00 1.492659256539618173e+00
1.615585972263972048e+00 1.624178376447117156e+00 1.491870050966601857e+00
1.606240363598795406e+00 1.615229630863988408e+00 1.491080667525311210e+00
1.596603307087936185e+00 1.605937894126626464e+00 1.490294384395581817e+00
1.586677986036934218e+00 1.596308028055129169e+00 1.489514479757248822e+00
1.576467583751329338e+00 1.586344894469593259e+00 1.488744231790148032e+00
1.565975283536661378e+00 1.576053355190115468e+00 1.487986918674113923e+00
1.555204268698470615e+00 1.565438272036792533e+00 1.487245818588982305e+00
1.544157722542295774e+00 1.554504506829720745e+00 1.486524209714588318e+00
1.532838828373678686e+00 1.543256921388999059e+00 1.485825370230767328e+00
1.521250769498158517e+00 1.531700377534722879e+00 1.485152578317354255e+00
1.509396729221274658e+00 1.519839737086989828e+00 1.484509112154184463e+00
1.497279890848567829e+00 1.507679861865896198e+00 1.483898249921093759e+00
1.484903437685577421e+00 1.495225613691538946e+00 1.483323269797917066e+00
1.472270553037843488e+00 1.482481854384015252e+00 1.482787449964489301e+00
1.459384420210906086e+00 1.469453445763421851e+00 1.482294068600646275e+00
1.446248222510304826e+00 1.456145249649855922e+00 1.481846403886222907e+00
1.432865143241580208e+00 1.442562127863414201e+00 1.481447734001055005e+00
1.419238365710271399e+00 1.428708942224193423e+00 1.481101337124977046e+00
1.405371073221918898e+00 1.414590554552290769e+00 1.480810491437824616e+00
1.391266449082062318e+00 1.400211826667803194e+00 1.480578475119433079e+00
1.376927676596240380e+00 1.385577620390825881e+00 1.480408566349638022e+00
1.362357939069995583e+00 1.370692797541459118e+00 1.480304043308274586e+00
1.347560419808866650e+00 1.355562219939797419e+00 1.480268184175177471e+00
1.332538302118393858e+00 1.340190749405938409e+00 1.480304267130182483e+00
1.317294769304116375e+00 1.324583247759979043e+00 1.480415570353124544e+00
1.301833004671574701e+00 1.308744576822016059e+00 1.480605372023839461e+00
1.286156191526308445e+00 1.292679598412146191e+00 1.480876950322162156e+00
1.270267513173857665e+00 1.276393174350466841e+00 1.481233583427927547e+00
1.254170152919762415e+00 1.259890166457074301e+00 1.481678549520971666e+00
1.237867294069562085e+00 1.243175436552066193e+00 1.482215126781129433e+00
1.221362119928797396e+00 1.226253846455538810e+00 1.482846593388235990e+00
1.204657813803007738e+00 1.209130257987589330e+00 1.483576227522126478e+00
1.187757558997731389e+00 1.191809532968312935e+00 1.484407307362636708e+00
1.170664538818511957e+00 1.174296533217809690e+00 1.485343111089601598e+00
1.153381936570887500e+00 1.156596120556175444e+00 1.486386916882856513e+00
1.135912935560397852e+00 1.138713156803506488e+00 1.487542002922236595e+00
1.118260719092582844e+00 1.120652503779899778e+00 1.488811647387577430e+00
1.100428470472982534e+00 1.102419023305452495e+00 1.490199128458714162e+00
1.082419373007137198e+00 1.084017577200261595e+00 1.491707724315481709e+00
1.064236610000586225e+00 1.065453027284423815e+00 1.493340713137715436e+00
1.045883364758869893e+00 1.046730235378036111e+00 1.495101373105251152e+00
1.027362820587527814e+00 1.027854063301195220e+00 1.496992982397923777e+00
1.008678160792100265e+00 1.008829372873998320e+00 1.499018819195568453e+00
9.898327303988082582e-01 9.896611352266185824e-01 1.501181758029435764e+00
9.708329994620827907e-01 9.703564337550834029e-01 1.503476873480863230e+00
9.516882646121098688e-01 9.509242623915956649e-01 1.505892185107088777e+00
9.324079243206758738e-01 9.313736839050309468e-01 1.508415458272655663e+00
9.130013770595620803e-01 9.117137610642590539e-01 1.511034458342107589e+00
8.934780213005514282e-01 8.919535566381513458e-01 1.513736950679987148e+00
8.738472555154273014e-01 8.721021333955796262e-01 1.516510700650838928e+00
8.541184781759721956e-01 8.521685541054151436e-01 1.519343473619205298e+00
8.343010877539692727e-01 8.321618815365300348e-01 1.522223034949629739e+00
8.144044827212016946e-01 8.120911784577955483e-01 1.525137150006656173e+00
7.944380615494522901e-01 7.919655076380832659e-01 1.528073584154827413e+00
7.744112227105039992e-01 7.717939318462648801e-01 1.531020102758686940e+00
7.543333646761397615e-01 7.515855138512120837e-01 1.533964471182778233e+00
7.342138859181429611e-01 7.313493164217962361e-01 1.536894454791644549e+00
7.140621849082943173e-01 7.110944023268871428e-01 1.539797818949829145e+00
6.938876601183806558e-01 6.908298343353602711e-01 1.542662329021875722e+00
6.736997100201833621e-01 6.705646752160854263e-01 1.545475750372327095e+00
6.535077330854850430e-01 6.503079877379337459e-01 1.548225848365726964e+00
6.333211277860689714e-01 6.300688346697773667e-01 1.550900388366618587e+00
6.131492925937180871e-01 6.098562787804875374e-01 1.553487135739545444e+00
5.930016259802152190e-01 5.896793828389360614e-01 1.555973855849051013e+00
5.728875264173436399e-01 5.695472096139944096e-01 1.558348314059678108e+00
5.528163923768859567e-01 5.494688218745340524e-01 1.560598275735970430e+00
5.327976223306253312e-01 5.294532823894270157e-01 1.562711506242471460e+00
5.128406147503450363e-01 5.095096539275443259e-01 1.564675770943724453e+00
4.929547681078278454e-01 4.896469992577580643e-01 1.566478835204272446e+00
4.731494808748566427e-01 4.698743811489395905e-01 1.568108464388659362e+00
4.534341515232126474e-01 4.502008623699585432e-01 1.569552423861428236e+00
4.338181785246826294e-01 4.306355056896905009e-01 1.570798478987122326e+00
4.143109603510477523e-01 4.111873738770052134e-01 1.571834395130285111e+00
3.949218954740909004e-01 3.918655297007740401e-01 1.572647937655459849e+00
3.756603823655951246e-01 3.726790359298686184e-01 1.573226871927190462e+00
3.565358194973434758e-01 3.536369553331606963e-01 1.573558963310019543e+00
3.375576053411187827e-01 3.347483506795217445e-01 1.573631977168490348e+00
3.187351383687041517e-01 3.160222847378234001e-01 1.573433678867147023e+00
3.000778170518825783e-01 2.974678202769371893e-01 1.572951833770532604e+00
2.815950398624369466e-01 2.790940200657349157e-01 1.572174207243190125e+00
2.632962052721503632e-01 2.609099468730879390e-01 1.571088564649663510e+00
2.451907117528058511e-01 2.429246634678681183e-01 1.569682671354495351e+00
2.272879577761846570e-01 2.251472326189450368e-01 1.567944292722229349e+00
2.095973418140731626e-01 2.075867170951938845e-01 1.565861194117409205e+00
1.921282623382526700e-01 1.902521796654845221e-01 1.563421140904577955e+00
1.748901178205061746e-01 1.731526830986886423e-01 1.560611898448278856e+00
1.578923067326165330e-01 1.562972901636776601e-01 1.557421232113055831e+00
1.411442275463669904e-01 1.396950636293232129e-01 1.553836907263451250e+00
1.246552787335404311e-01 1.233550662644969931e-01 1.549846689264009481e+00
1.084348587659198226e-01 1.072863608380704992e-01 1.545438343479273557e+00
9.249236611528818819e-02 9.149801011891536828e-02 1.540599635273786072e+00
7.683719925342849533e-02 7.599907687590320982e-02 1.535318330012091614e+00
6.147875665212373941e-02 6.079862387790560541e-02 1.529582193058732775e+00
4.642643678315691580e-02 4.590571389379430323e-02 1.523378989778252812e+00
3.168963811831090882e-02 3.132940969244057960e-02 1.516696485535195649e+00
1.727775912936760361e-02 1.707877404271485045e-02 1.509522445694103210e+00
3.200198288112715561e-03 3.162869713491583967e-03 1.501844635619520973e+00
-1.053364593367248948e-02 -1.040924052635930179e-02 1.493650820675991087e+00
-2.391437506420469178e-02 -2.362849390796597712e-02 1.484928766228057473e+00
-3.693259063170100526e-02 -3.648582766245691417e-02 1.475666237640262946e+00
-4.957889416437841895e-02 -4.897217902096051567e-02 1.465851000277150984e+00
-6.184388719045394445e-02 -6.107848521460520347e-02 1.455470819503265067e+00
-7.371817123814458639e-02 -7.279568347451935428e-02 1.444513460683148232e+00
-8.519234783566735636e-02 -8.411471103183137954e-02 1.432966689181344178e+00
-9.625701851123927288e-02 -9.502650511766970454e-02 1.420818270362396385e+00
-1.069027847930773267e-01 -1.055220029631626921e-01 1.408055969590847889e+00
-1.171202482093985364e-01 -1.155921417994387745e-01 1.394667552231242169e+00
-1.269000102884207948e-01 -1.252278588576272722e-01 1.380640783648120928e+00
-1.362326725583592746e-01 -1.344200913688546883e-01 1.365963429206030533e+00
-1.451088365474319242e-01 -1.431597765642504128e-01 1.350623254269513129e+00
-1.535191037838556927e-01 -1.514378516749428361e-01 1.334608024203111754e+00
-1.614540757958476958e-01 -1.592452539320604044e-01 1.317905504371369663e+00
-1.689043541116248826e-01 -1.665729205667314250e-01 1.300503460138830780e+00
-1.758605402594042300e-01 -1.734117888100843718e-01 1.282389656870037919e+00
-1.823132357674028259e-01 -1.797527958932476355e-01 1.263551859929534782e+00
-1.882530421638375917e-01 -1.855868790473495789e-01 1.243977834681864625e+00
-1.936705609769255876e-01 -1.909049755035186757e-01 1.223655346491570706e+00
-1.985563937348837349e-01 -1.956980224928832890e-01 1.202572160723196282e+00
-2.029011419659291493e-01 -1.999569572465718925e-01 1.180716042741284832e+00
-2.066954071982788077e-01 -2.036727169957127659e-01 1.158074757910379837e+00
-2.099297909601500201e-01 -2.068362389714346328e-01 1.134636071595022333e+00
-2.125948947797591249e-01 -2.094384604048653564e-01 1.110387749159760018e+00
-2.146813201853234876e-01 -2.114703185271336328e-01 1.085317555969134151e+00
-2.161796687050600574e-01 -2.129227505693677969e-01 1.059413257387687768e+00
-2.170805418671858389e-01 -2.137866937626963226e-01 1.032662618779965014e+00
-2.173745411999180588e-01 -2.140530853382476284e-01 1.005053405510508258e+00
-2.170522682314734719e-01 -2.137128625271500493e-01 9.765733829438617564e-01
-2.161043244900690830e-01 -2.127569625605319759e-01 9.472103164445679901e-01
-2.145213115039220908e-01 -2.111763226695219653e-01 9.169519713771709934e-01
-2.122938308012493891e-01 -2.089618800852482972e-01 8.857861131062139126e-01
-2.094124839102679547e-01 -2.061045720388394176e-01 8.537005069962400050e-01
-2.058678723591949034e-01 -2.025953357614237171e-01 8.206829184117927500e-01
-2.016505976762466013e-01 -1.984251084841290591e-01 7.867211127174121854e-01
-1.967512613896410523e-01 -1.935848274380848610e-01 7.518028552776481188e-01
-1.911604650275949002e-01 -1.880654298544189307e-01 7.159159114570408100e-01
-1.848688101183250110e-01 -1.818578529642598252e-01 6.790480466201334053e-01
-1.778668981900484725e-01 -1.749530339987358518e-01 6.411870261314692732e-01
-1.701453307709823726e-01 -1.673419101889756511e-01 6.023206153555920039e-01
-1.616947093893434939e-01 -1.590154187661073359e-01 5.624365796570447440e-01
-1.525056355733490077e-01 -1.499644969612592971e-01 5.215226844003708617e-01
-1.425687108512160017e-01 -1.401800820055602581e-01 4.795666949501139475e-01
-1.318745367511612587e-01 -1.296531111301382766e-01 4.365563766708169813e-01
-1.204137148014019498e-01 -1.183745215661220207e-01 3.924794949270238309e-01
-1.081768465301550519e-01 -1.063352505446396590e-01 3.473238150832771987e-01
-9.515453346563734760e-02 -9.352623529681980408e-02 3.010771025041207860e-01
-8.133737713606489783e-02 -7.993841305378937556e-02 2.537271225540936315e-01
-6.671597906965703872e-02 -6.556272104667948408e-02 2.052616405977477076e-01
-5.128094079462969246e-02 -5.039009650661713247e-02 1.556684219996220531e-01
-3.502286383919972490e-02 -3.441147666473090561e-02 1.049352321242599251e-01
-1.793234973158414070e-02 -1.761779875214899982e-02 5.304983633620485861e-02
0.000000000000000000e+00 0.000000000000000000e+00 0.000000000000000000e+00
