0.000000000000000000e+00 0.000000000000000000e+00 0.000000000000000000e+00
6.781052999610090101e-03 -1.281615369237764854e-02 4.580017489056920077e-02
1.323332767196635715e-02 -2.513631617516794842e-02 9.073380063174558974e-02
1.936218089409126597e-02 -3.696438095760714443e-02 1.348087144297055451e-01
2.517296954300728834e-02 -4.830424154893149524e-02 1.780327534906254172e-01
3.067105049573688041e-02 -5.915979145837724912e-02 2.204137550206815843e-01
3.586178062930250876e-02 -6.953492419518063350e-02 2.619595562260502719e-01
4.075051682072665382e-02 -7.943353326857793828e-02 3.026779943129080941e-01
4.534261594703175441e-02 -8.885951218780538396e-02 3.425769064874311653e-01
4.964343488524029790e-02 -9.781675446209923963e-02 3.816641299557960165e-01
5.365833051237474394e-02 -1.063091536006957188e-01 4.199475019241789009e-01
5.739265970545756601e-02 -1.143406031128311184e-01 4.574348595987561827e-01
6.085177934151120294e-02 -1.219149965077416520e-01 4.941340401857041709e-01
6.404104629755816291e-02 -1.290362272946636024e-01 5.300528808911995071e-01
6.696581745062085700e-02 -1.357081889828331556e-01 5.651992189214183337e-01
6.963144967772179339e-02 -1.419347750814866638e-01 5.995808914825369040e-01
7.204329985588345253e-02 -1.477198790998602573e-01 6.332057357807315823e-01
7.420672486212821772e-02 -1.530673945471902886e-01 6.660815890221790658e-01
7.612708157347865268e-02 -1.579812149327129434e-01 6.982162884130552749e-01
7.780972686695715457e-02 -1.624652337656645185e-01 7.296176711595369069e-01
7.926001761958621772e-02 -1.665233445552811997e-01 7.602935744678003260e-01
8.048331070838833645e-02 -1.701594408107992840e-01 7.902518355440214526e-01
8.148496301038592182e-02 -1.733774160414550403e-01 8.195002915943770949e-01
8.227033140260144040e-02 -1.761811637564847099e-01 8.480467798250435063e-01
8.284477276205738649e-02 -1.785745774651244511e-01 8.758991374421968290e-01
8.321364396577621281e-02 -1.805615506766106437e-01 9.030652016520138714e-01
8.338230189078041366e-02 -1.821459769001793905e-01 9.295528096606704427e-01
8.335610341409244173e-02 -1.833317496450670991e-01 9.553697986743433512e-01
8.314040541273469420e-02 -1.841227624205099278e-01 9.805240058992088503e-01
8.274056476372972091e-02 -1.845229087357442010e-01 1.005023268541443082e+00
8.216193834409997454e-02 -1.845360821000060492e-01 1.028875423807222633e+00
8.140988303086790778e-02 -1.841661760225318245e-01 1.052088308902723313e+00
8.048975570105598720e-02 -1.834170840125577129e-01 1.074669761034122706e+00
7.940691323168665161e-02 -1.822926995793199834e-01 1.096627617407596178e+00
7.816671249978240921e-02 -1.807969162320549328e-01 1.117969715229320204e+00
7.677451038236565717e-02 -1.789336274799986914e-01 1.138703891705471483e+00
7.523566375645901472e-02 -1.767067268323877227e-01 1.158837984042225822e+00
7.355552949908475413e-02 -1.741201077984580459e-01 1.178379829445759697e+00
7.173946448726546687e-02 -1.711776638874460132e-01 1.197337265122250249e+00
6.979282559802355013e-02 -1.678832886085878939e-01 1.215718128277872845e+00
6.772096970838153984e-02 -1.642408754711198737e-01 1.233530256118804624e+00
6.552925369536186095e-02 -1.602543179842783050e-01 1.250781485851221175e+00
6.322303443598700778e-02 -1.559275096572992347e-01 1.267479654681299417e+00
6.080766880727934975e-02 -1.512643439994192096e-01 1.283632599815215602e+00
5.828851368626149221e-02 -1.462687145198742489e-01 1.299248158459146207e+00
5.567092594995574906e-02 -1.409445147279005939e-01 1.314334167819267485e+00
5.296026247538471177e-02 -1.352956381327348190e-01 1.328898465101755466e+00
5.016188013957077751e-02 -1.293259782436125549e-01 1.342948887512786627e+00
4.728113581953651001e-02 -1.230394285697707368e-01 1.356493272258537663e+00
4.432338639230423705e-02 -1.164398826204452592e-01 1.369539456545185274e+00
4.129398873489646682e-02 -1.095312339048723493e-01 1.382095277578904824e+00
3.819829972433577692e-02 -1.023173759322882348e-01 1.394168572565872788e+00
3.504167623764439798e-02 -9.480220221192929564e-02 1.405767178712266308e+00
3.182947515184508802e-02 -8.698960625303188421e-02 1.416898933224261414e+00
2.856705334396009155e-02 -7.888348156483192264e-02 1.427571673308034139e+00
2.525976769101198616e-02 -7.048772165656605471e-02 1.437793236169761180e+00
2.191297507002304412e-02 -6.180622003747003601e-02 1.447571459015618789e+00
1.853203235801606508e-02 -5.284287021678057972e-02 1.456914179051782998e+00
1.512229643201321028e-02 -4.360156570373377449e-02 1.465829233484430727e+00
1.168912416903719609e-02 -3.408620000756568125e-02 1.474324459519738451e+00
8.237872446110267033e-03 -2.430066663751284661e-02 1.482407694363881756e+00
4.773898140255028455e-03 -1.424885910281134538e-02 1.490086775223037563e+00
1.302558128493891410e-03 -3.934670912697502132e-03 1.497369539303381680e+00
-2.170790712150662358e-03 6.638004423592439203e-03 1.504263823811091472e+00
-5.640791504656196206e-03 1.746527339682230062e-02 1.510777465952342302e+00
-9.102087372000224053e-03 2.854324249775578790e-02 1.516918302933311091e+00
-1.254932143716027716e-02 3.986801821715664496e-02 1.522694171960174092e+00
-1.597713682311389591e-02 5.143570704578862701e-02 1.528112910239107558e+00
-1.938017665283860852e-02 6.324241547441550315e-02 1.533182354976287742e+00
-2.275308404931195710e-02 7.528424999380096960e-02 1.537910343377891120e+00
-2.609050213551146469e-02 8.755731709470884749e-02 1.542304712650094167e+00
-2.938707403441463001e-02 1.000577232679026457e-01 1.546373299999072914e+00
-3.263744286899907671e-02 1.127815750041465115e-01 1.550123942631004281e+00
-3.583625176224229658e-02 1.257249787942040231e-01 1.553564477752064521e+00
-3.897814383712181613e-02 1.388840411288388699e-01 1.556702742568429443e+00
-4.205776221661516878e-02 1.522548684988148660e-01 1.559546574286275744e+00
-4.506975002369990185e-02 1.658335673948957423e-01 1.562103810111779900e+00
-4.800875038135353490e-02 1.796162443078452298e-01 1.564382287251117942e+00
-5.086940641255362217e-02 1.935990057284271149e-01 1.566389842910466568e+00
-5.364636124027766934e-02 2.077779581474051562e-01 1.568134314296002030e+00
-5.633425798750323066e-02 2.221492080555430293e-01 1.569623538613900582e+00
-5.892773977720783957e-02 2.367088619436045482e-01 1.570865353070338921e+00
-6.142144973236902256e-02 2.514530263023534440e-01 1.571867594871492635e+00
-6.381003097596434082e-02 2.663778076225534752e-01 1.572638101223539087e+00
-6.608812663097124451e-02 2.814793123949681508e-01 1.573184709332653863e+00
-6.825037982036738504e-02 2.967536471103617846e-01 1.573515256405013663e+00
-7.029143366713024033e-02 3.121969182594976910e-01 1.573637579646794959e+00
-7.220593129423734380e-02 3.278052323331397400e-01 1.573559516264173785e+00
-7.398851582466622889e-02 3.435746958220516900e-01 1.573288903463326394e+00
-7.563383038139442904e-02 3.595014152169971888e-01 1.572833578450429926e+00
-7.713651808739949156e-02 3.755814970087402171e-01 1.572201378431659968e+00
-7.849122206565894988e-02 3.918110476880442561e-01 1.571400140613192997e+00
-7.969258543915033743e-02 4.081861737456732309e-01 1.570437702201205488e+00
-8.073525133085115990e-02 4.247029816723908446e-01 1.569321900401873915e+00
-8.161386286373897847e-02 4.413575779589608006e-01 1.568060572421374532e+00
-8.232306316079132658e-02 4.581460690961470239e-01 1.566661555465883593e+00
-8.285749534498573765e-02 4.750645615747128292e-01 1.565132686741577794e+00
-8.321180253929974513e-02 4.921091618854224192e-01 1.563481803454632946e+00
-8.338062786671089632e-02 5.092759765190394416e-01 1.561716742811225966e+00
-8.335861445019671079e-02 5.265611119663277107e-01 1.559845342017533110e+00
-8.314040541273470808e-02 5.439606747180507629e-01 1.557875438279730407e+00
-8.272064387730246326e-02 5.614707712649724680e-01 1.555814868803994333e+00
-8.209397296687745427e-02 5.790875080978565848e-01 1.553671470796501142e+00
-8.125503580443728391e-02 5.968069917074667607e-01 1.551453081463427974e+00
-8.019847551295943011e-02 6.146253285845668657e-01 1.549167538010949974e+00
-7.891893521542144019e-02 6.325386252199206583e-01 1.546822677645244282e+00
-7.741105803480086145e-02 6.505429881042917861e-01 1.544426337572487151e+00
-7.566948709407522733e-02 6.686345237284440080e-01 1.541986354998855058e+00
-7.368886551622209902e-02 6.868093385831413045e-01 1.539510567130523810e+00
-7.146383642421898219e-02 7.050635391591467682e-01 1.537006811173670329e+00
-6.898904294104335477e-02 7.233932319472250461e-01 1.534482924334470422e+00
-6.625912818967283346e-02 7.417945234381394526e-01 1.531946743819101231e+00
-6.326873529308491007e-02 7.602635201226537465e-01 1.529406106833738566e+00
-6.001250737425714576e-02 7.787963284915315754e-01 1.526868850584558901e+00
-5.648508755616708787e-02 7.973890550355369200e-01 1.524342812277738712e+00
-5.268111896179220044e-02 8.160378062454332060e-01 1.521835829119453809e+00
-4.859524471411008628e-02 8.347386886119845251e-01 1.519355738315881332e+00
-4.422210793609826496e-02 8.534878086259545249e-01 1.516910377073197314e+00
-3.955635175073424215e-02 8.722812727781068531e-01 1.514507582597578006e+00
-3.459261928099560679e-02 8.911151875592053795e-01 1.512155192095199885e+00
-2.932555364985983681e-02 9.099856594600137516e-01 1.509861042772239426e+00
-2.374979798030449341e-02 9.288887949712958392e-01 1.507632971834872659e+00
-1.785999539530713776e-02 9.478207005838150678e-01 1.505478816489275840e+00
-1.165078901784527554e-02 9.667774827883357514e-01 1.503406413941625885e+00
-5.116821970896412441e-03 9.857552480756212043e-01 1.501423601398099272e+00
1.747243306899566410e-03 1.004750099386975792e+00 1.499538190186836761e+00
8.944407181759542885e-03 1.023757710179127089e+00 1.497754860393769150e+00
1.647313083925039390e-02 1.042772919785860841e+00 1.496072210766648425e+00
2.433135394205578408e-02 1.061790471705563066e+00 1.494488141346286714e+00
3.251701615285937375e-02 1.080805109436618894e+00 1.493000552173496143e+00
4.102805713434484747e-02 1.099811576477413677e+00 1.491607343289089060e+00
4.986241654919584820e-02 1.118804616326332324e+00 1.490306414733877816e+00
5.901803406009607789e-02 1.137778972481760187e+00 1.489095666548674091e+00
6.849284932972916906e-02 1.156729388442082396e+00 1.487972998774290678e+00
7.828480202077879591e-02 1.175650607705684969e+00 1.486936311451539261e+00
8.839183179592866035e-02 1.194537373770952371e+00 1.485983504621232187e+00
9.881187831786238107e-02 1.213384430136269954e+00 1.485112478324182028e+00
1.095428812492636322e-01 1.232186520300023069e+00 1.484321132601200466e+00
1.205827802528161158e-01 1.250938387760596848e+00 1.483607367493100071e+00
1.319295149912034504e-01 1.269634776016377087e+00 1.482969083040692526e+00
1.435810251271093518e-01 1.288270428565748471e+00 1.482404179284790846e+00
1.555352503232171335e-01 1.306840088907095909e+00 1.481910556266206491e+00
1.677901302422111218e-01 1.325338500538805642e+00 1.481486114025752032e+00
1.803436045467746718e-01 1.343760406959262577e+00 1.481128752604239596e+00
1.931936128995913882e-01 1.362100551666851844e+00 1.480836372042481530e+00
2.063380949633450423e-01 1.380353678159958575e+00 1.480606872381289740e+00
2.197749904007191835e-01 1.398514529936968120e+00 1.480438153661476131e+00
2.335022388743975552e-01 1.416577850496265834e+00 1.480328115923853938e+00
2.475177800470638734e-01 1.434538383336237066e+00 1.480274659209234400e+00
2.618195535814016317e-01 1.452390871955266727e+00 1.480275683558430311e+00
2.764054991400946570e-01 1.470130059851740389e+00 1.480329089012253574e+00
2.912735563858266374e-01 1.487750690524042518e+00 1.480432775611516316e+00
3.064216649812810389e-01 1.505247507470559798e+00 1.480584643397030664e+00
3.218477645891417160e-01 1.522615254189676248e+00 1.480782592409609633e+00
3.375497948720923014e-01 1.539848674179777666e+00 1.481024522690064238e+00
3.535256954928164275e-01 1.556942510939249402e+00 1.481308334279207495e+00
3.697734061139977824e-01 1.573891507966476144e+00 1.481631927217851530e+00
3.862908663983199986e-01 1.590690408759843688e+00 1.481993201546808026e+00
4.030760160084667088e-01 1.607333956817737164e+00 1.482390057306889553e+00
4.201267946071217119e-01 1.623816895638541702e+00 1.482820394538908459e+00
4.374411418569685850e-01 1.640133968720642876e+00 1.483282113283676429e+00
4.550169974206909607e-01 1.656279919562425151e+00 1.483773113582006031e+00
4.728523009609726380e-01 1.672249491662274545e+00 1.484291295474709838e+00
4.909449921404971939e-01 1.688037428518576410e+00 1.484834559002599530e+00
5.092930106219483166e-01 1.703638473629715433e+00 1.485400804206487235e+00
5.278942960680096386e-01 1.719047370494077187e+00 1.485987931127185302e+00
5.467467881413647923e-01 1.734258862610046359e+00 1.486593839805506079e+00
5.658484265046971329e-01 1.749267693476008745e+00 1.487216430282261692e+00
5.851971508206911254e-01 1.764068606590350141e+00 1.487853602598264047e+00
6.047909007520299030e-01 1.778656345451454790e+00 1.488503256794325935e+00
6.246276159613973755e-01 1.793025653557708488e+00 1.489163292911258818e+00
6.447052361114770092e-01 1.807171274407496364e+00 1.489831610989875710e+00
6.650217008649526029e-01 1.821087951499203550e+00 1.490506111070987849e+00
6.855749498845077339e-01 1.834770428331215619e+00 1.491184693195408473e+00
7.063629228328259790e-01 1.848213448401917480e+00 1.491865257403949041e+00
7.273835593725912485e-01 1.861411755209694485e+00 1.492545703737422347e+00
7.486347991664871193e-01 1.874360092252932208e+00 1.493223932236639850e+00
7.701145818771969465e-01 1.887053203030015336e+00 1.493897842942414123e+00
7.918208471674049731e-01 1.899485831039329442e+00 1.494565335895557734e+00
8.137515346997944432e-01 1.911652719779259657e+00 1.495224311136881923e+00
8.359045841370491559e-01 1.923548612748191333e+00 1.495872668707200148e+00
8.582779351418526881e-01 1.935168253444509823e+00 1.496508308647323426e+00
8.808695273768889500e-01 1.946506385366600922e+00 1.497129130998064772e+00
9.036773005048412966e-01 1.957557752012848207e+00 1.497733035800236090e+00
9.266991941883934158e-01 1.968317096881638140e+00 1.498317923094649506e+00
9.499331480902293290e-01 1.978779163471355851e+00 1.498881692922117148e+00
9.733771018730326130e-01 1.988938695280386693e+00 1.499422245323451586e+00
9.970289951994862898e-01 1.998790435807116461e+00 1.499937480339464946e+00
1.020884559308213868e+00 2.008329737282201322e+00 1.500425595298823245e+00
1.044926629013948505e+00 2.017555506719810321e+00 1.500886523587255716e+00
1.069133371179690872e+00 2.026467937813112297e+00 1.501320826968608468e+00
1.093482946229888064e+00 2.035067226030005560e+00 1.501729068073456297e+00
1.117953514588986286e+00 2.043353566838389757e+00 1.502111809532374220e+00
1.142523236681433740e+00 2.051327155706165417e+00 1.502469613975937035e+00
1.167170272931676411e+00 2.058988188101229966e+00 1.502803044034719759e+00
1.191872783764161392e+00 2.066336859491483491e+00 1.503112662339296746e+00
1.216608929603335554e+00 2.073373365344825636e+00 1.503399031520243234e+00
1.241356870873645768e+00 2.080097901129154714e+00 1.503662714208133799e+00
1.266094767999538684e+00 2.086510662312370812e+00 1.503904273033543681e+00
1.290800781405461617e+00 2.092611844362372686e+00 1.504124270627047455e+00
1.315453071515860772e+00 2.098401642747059093e+00 1.504323269619219916e+00
1.340029798755183910e+00 2.103880252934330564e+00 1.504501832640635861e+00
1.364509123547877012e+00 2.109047870392085411e+00 1.504660522321870531e+00
1.388869206318387617e+00 2.113904690588223723e+00 1.504799901293498499e+00
1.413088207491162152e+00 2.118450908990643367e+00 1.504920532186094562e+00
1.437144287490647931e+00 2.122686721067244431e+00 1.505022977630233738e+00
1.461015606741291162e+00 2.126612322285926115e+00 1.505107800256490602e+00
1.484680325667539602e+00 2.130227908114587621e+00 1.505175562695440172e+00
1.508116604693839236e+00 2.133533674021128590e+00 1.505226827577657245e+00
1.531302604244637378e+00 2.136529815473446892e+00 1.505262157533716616e+00
1.554216484744381122e+00 2.139216527939443946e+00 1.505282115194193526e+00
1.576836406617516673e+00 2.141594006887017176e+00 1.505287263189662328e+00
1.599140530288491568e+00 2.143662447784066671e+00 1.505278164150698261e+00
1.621107016181752236e+00 2.145422046098491187e+00 1.505255380707875901e+00
1.642714024721745769e+00 2.146872997298190366e+00 1.505219475491769821e+00
1.663939716332919039e+00 2.148015496851063411e+00 1.505171011132955261e+00
1.684762251439718916e+00 2.148849740225008631e+00 1.505110550262007019e+00
1.705159790466592273e+00 2.149375922887927004e+00 1.505038655509500112e+00
1.725110493837985093e+00 2.149594240307716841e+00 1.504955889506008893e+00
1.744592521978345800e+00 2.149504887952276899e+00 1.504862814882108824e+00
1.763584035312120601e+00 2.149108061289507265e+00 1.504759994268374257e+00
1.782063194263756367e+00 2.148403955787306696e+00 1.504647990295380433e+00
1.800008159257699747e+00 2.147392766913574391e+00 1.504527365593701926e+00
1.817397090718397834e+00 2.146074690136209995e+00 1.504398682793913311e+00
1.834208149070297722e+00 2.144449920923112707e+00 1.504262504526590050e+00
1.850419494737845616e+00 2.142518654742181283e+00 1.504119393422306494e+00
1.866009288145489053e+00 2.140281087061315368e+00 1.503969912111637663e+00
1.880955689717674684e+00 2.137737413348414162e+00 1.503814623225158575e+00
1.895236859878849156e+00 2.134887829071376864e+00 1.503654089393443805e+00
1.908830959053459342e+00 2.131732529698103118e+00 1.503488873247068369e+00
1.921716147665952334e+00 2.128271710696491237e+00 1.503319537416606844e+00
1.933870586140775671e+00 2.124505567534440864e+00 1.503146644532634690e+00
1.945272434902374670e+00 2.120434295679851200e+00 1.502970757225726262e+00
1.955899854375197533e+00 2.116058090600622332e+00 1.502792438126456132e+00
1.965731004983689800e+00 2.111377147764652573e+00 1.502612249865399763e+00
1.974744047152300563e+00 2.106391662639841567e+00 1.502430755073131730e+00
1.982917141305473807e+00 2.101101830694087624e+00 1.502248516380226828e+00
1.990228447867659289e+00 2.095507847395291723e+00 1.502066096417259855e+00
1.996656127263300995e+00 2.089609908211351730e+00 1.501884057814805828e+00
2.002178339916849126e+00 2.083408208610167289e+00 1.501702963203439545e+00
2.006773246252747001e+00 2.076902944059637601e+00 1.501523375213736022e+00
2.010419006695444377e+00 2.070094310027661866e+00 1.501345856476269836e+00
2.013093781669386573e+00 2.062982501982139283e+00 1.501170969621615781e+00
2.014775731599021125e+00 2.055567715390969497e+00 1.500999277280349098e+00
2.015443016908794238e+00 2.047850145722052151e+00 1.500831342083043918e+00
2.015073798023153007e+00 2.039829988443284670e+00 1.500667726660275703e+00
2.013646235366544968e+00 2.031507439022568029e+00 1.500508993642619249e+00
2.011138489363415882e+00 2.022882692927800985e+00 1.500355705660649352e+00
2.007528720438214176e+00 2.013955945626882293e+00 1.500208425344940588e+00
2.002795089015385166e+00 2.004727392587711599e+00 1.500067715326067974e+00
1.996917043230199029e+00 1.995197318427399003e+00 1.499934123376404749e+00
1.989903648566847760e+00 1.985368058194902918e+00 1.499807855529682321e+00
1.981793587858445171e+00 1.975243997371030513e+00 1.499688776080990937e+00
1.972626831648928825e+00 1.964829610585799191e+00 1.499576734467218841e+00
1.962443350482234727e+00 1.954129372469227244e+00 1.499471580125254944e+00
1.951283114902300220e+00 1.943147757651331853e+00 1.499373162491987266e+00
1.939186095453061975e+00 1.931889240762131088e+00 1.499281331004304274e+00
1.926192262678457112e+00 1.920358296431643019e+00 1.499195935099094656e+00
1.912341587122421860e+00 1.908559399289884606e+00 1.499116824213246657e+00
1.897674039328894224e+00 1.896497023966874806e+00 1.499043847783648298e+00
1.882229589841809547e+00 1.884175645092630358e+00 1.498976855247188711e+00
1.866048209205106057e+00 1.871599737297169330e+00 1.498915696040756140e+00
1.849169867962719982e+00 1.858773775210510015e+00 1.498860219601238608e+00
1.831634536658588219e+00 1.845702233462669373e+00 1.498810275365524802e+00
1.813482185836647664e+00 1.832389586683665916e+00 1.498765712770503189e+00
1.794752786040835213e+00 1.818840309503516828e+00 1.498726381253062012e+00
1.775486307815087317e+00 1.805058876552240177e+00 1.498692130250089960e+00
1.755722721703341538e+00 1.791049762459854255e+00 1.498662809198475498e+00
1.735501998249534550e+00 1.776817441856375579e+00 1.498638267535106428e+00
1.714864107997602583e+00 1.762366389371822883e+00 1.498618354696871879e+00
1.693849021491483420e+00 1.747701079636214017e+00 1.498602920120659654e+00
1.672496709275113291e+00 1.732825987279566160e+00 1.498591813243358883e+00
1.650847141892429315e+00 1.717745586931897384e+00 1.498584883501857590e+00
1.628940289887367721e+00 1.702464353223225757e+00 1.498581980333044017e+00
1.606816123803866736e+00 1.686986760783568684e+00 1.498582953173806853e+00
1.584514614185861703e+00 1.671317284242944234e+00 1.498587651461034564e+00
1.562075731577290849e+00 1.655460398231369590e+00 1.498595924631615395e+00
1.539539446522089960e+00 1.639420577378863042e+00 1.498607622122437810e+00
1.516945729564196377e+00 1.623202296315442439e+00 1.498622593370390277e+00
1.494334551247546772e+00 1.606810029671125184e+00 1.498640687812361483e+00
1.471745882116078263e+00 1.590248252075929569e+00 1.498661754885239006e+00
1.449219692713727303e+00 1.573521438159872776e+00 1.498685644025912422e+00
1.426795953584432564e+00 1.556634062552973763e+00 1.498712204671269088e+00
1.404514635272127610e+00 1.539590599885248823e+00 1.498741286258198357e+00
1.382415708320751557e+00 1.522395524786715804e+00 1.498772738223587808e+00
1.360539143274240192e+00 1.505053311887393663e+00 1.498806410004326350e+00
1.338924910676531521e+00 1.487568435817299362e+00 1.498842151037302228e+00
1.317612981071561329e+00 1.469945371206450524e+00 1.498879810759404130e+00
1.296643325003267178e+00 1.452188592684865664e+00 1.498919238607520299e+00
1.276055913015585519e+00 1.434302574882561521e+00 1.498960284018538980e+00
1.255890715652453471e+00 1.416291792429557272e+00 1.499002796429348860e+00
1.236187703457807707e+00 1.398160719955869435e+00 1.499046625276838407e+00
1.216986846975585568e+00 1.379913832091516301e+00 1.499091619997895641e+00
1.198328116749723060e+00 1.361555603466515940e+00 1.499137630029409252e+00
1.180251483324157746e+00 1.343090508710885533e+00 1.499184504808268148e+00
1.162796917242825856e+00 1.324523022454643373e+00 1.499232093771359686e+00
1.146004389049664951e+00 1.305857619327806862e+00 1.499280246355573221e+00
1.129913869288611927e+00 1.287098773960393849e+00 1.499328811997796551e+00
1.114565328503602792e+00 1.268250960982422182e+00 1.499377640134918366e+00
1.099998737238574886e+00 1.249318655023910152e+00 1.499426580203826909e+00
1.086254066037465105e+00 1.230306330714874496e+00 1.499475481641411090e+00
1.073371285444210788e+00 1.211218462685333952e+00 1.499524193884558931e+00
1.061390366002747720e+00 1.192059525565305478e+00 1.499572566370158899e+00
1.050351278257013687e+00 1.172833993984807366e+00 1.499620448535099460e+00
1.040293992750944918e+00 1.153546342573857242e+00 1.499667689816269078e+00
1.031258480028478974e+00 1.134201045962473176e+00 1.499714139650556222e+00
1.023284710633551642e+00 1.114802578780672793e+00 1.499759647474848911e+00
1.016412655110100927e+00 1.095355415658473497e+00 1.499804062726036058e+00
1.010682284002062836e+00 1.075864031225893358e+00 1.499847234841005683e+00
1.006133567853374489e+00 1.056332900112950224e+00 1.499889013256646697e+00
1.002806477207973224e+00 1.036766496949661942e+00 1.499929247409847344e+00
1.000740982609795271e+00 1.017169296366046138e+00 1.499967786737495645e+00
9.999770288485614333e-01 9.975457736937576314e-01 1.500004480738389656e+00
1.000535888907062354e+00 9.779009129514997234e-01 1.500039223795478271e+00
1.002387250072532376e+00 9.582411035375013597e-01 1.500072034295785395e+00
1.005491965935960019e+00 9.385729755115885808e-01 1.500102951861183920e+00
1.009810890088336022e+00 9.189031589335866501e-01 1.500132016113543854e+00
1.015304876120649347e+00 8.992382838633211639e-01 1.500159266674737868e+00
1.021934777623890067e+00 8.795849803606180517e-01 1.500184743166636858e+00
1.029661448189047590e+00 8.599498784853025768e-01 1.500208485211111942e+00
1.038445741407111766e+00 8.403396082972007797e-01 1.500230532430035346e+00
1.048248510869072003e+00 8.207607998561379237e-01 1.500250924445277967e+00
1.059030610165918374e+00 8.012200832219400493e-01 1.500269700878711809e+00
1.070752892888640062e+00 7.817240884544324198e-01 1.500286901352207547e+00
1.083376212628227364e+00 7.622794456134407426e-01 1.500302565487637407e+00
1.096861422975669687e+00 7.428927847587909472e-01 1.500316732906872508e+00
1.111169377521956436e+00 7.235707359503084080e-01 1.500329443231784410e+00
1.126260929858077464e+00 7.043199292478186102e-01 1.500340736084244453e+00
1.142096933575022621e+00 6.851469947111473724e-01 1.500350651086124198e+00
1.158638242263781537e+00 6.660585624001205129e-01 1.500359227859295208e+00
1.175845709515343396e+00 6.470612623745634062e-01 1.500366506025629043e+00
1.193680188920698715e+00 6.281617246943017596e-01 1.500372525206996599e+00
1.212102534070836457e+00 6.093665794191612806e-01 1.500377325025269881e+00
1.231073598556745363e+00 5.906824566089686757e-01 1.500380945102320229e+00
1.250554235969417727e+00 5.721159863235470988e-01 1.500383425060018983e+00
1.270505299899841622e+00 5.536737986227237007e-01 1.500384804520237925e+00
1.290887643939006901e+00 5.353625235663240778e-01 1.500385123104848173e+00
1.311662121677903192e+00 5.171887912141736043e-01 1.500384420435721289e+00
1.332789586707520346e+00 4.991592316260979878e-01 1.500382736134729056e+00
1.354230892618847770e+00 4.812804748619229911e-01 1.500380109823742369e+00
1.375946893002875093e+00 4.635591509814741551e-01 1.500376581124633013e+00
1.397898441450592610e+00 4.460018900445772427e-01 1.500372189659272548e+00
1.420046391552989506e+00 4.286153221110577394e-01 1.500366975049532314e+00
1.442351596901055188e+00 4.114060772407412969e-01 1.500360976917284095e+00
1.464774911085779507e+00 3.943807854934536783e-01 1.500354234884398563e+00
1.487277187698153202e+00 3.775460769290203134e-01 1.500346788572747947e+00
1.509819280329164348e+00 3.609085816072670205e-01 1.500338677604203363e+00
1.532362042569803240e+00 3.444749295880193962e-01 1.500329941600636596e+00
1.554866328011059950e+00 3.282517509311029258e-01 1.500320620183918319e+00
1.577292990243923443e+00 3.122456756963434832e-01 1.500310752975921202e+00
1.599602882859384234e+00 2.964633339435664428e-01 1.500300379598515921e+00
1.621756859448431287e+00 2.809113557325977339e-01 1.500289539673574035e+00
1.643715773602054675e+00 2.655963711232627311e-01 1.500278272822967107e+00
1.665440478911243583e+00 2.505250101753872527e-01 1.500266618668566476e+00
1.686891828966988083e+00 2.357039029487968396e-01 1.500254616832243926e+00
1.708030677360278027e+00 2.211396795033170881e-01 1.500242306935870573e+00
1.728817877682102377e+00 2.068389698987737890e-01 1.500229728601317980e+00
1.749214283523452096e+00 1.928084041949923721e-01 1.500216921450457708e+00
1.769180748475315257e+00 1.790546124517986559e-01 1.500203925105161096e+00
1.788678126128682599e+00 1.655842247290182645e-01 1.500190779187299928e+00
1.807667270074543975e+00 1.524038710864766555e-01 1.500177523318745099e+00
1.826109033903887902e+00 1.395201815839996196e-01 1.500164197121368614e+00
1.843964271207705119e+00 1.269397862814126976e-01 1.500150840217041814e+00
1.861193835576984812e+00 1.146693152385415831e-01 1.500137492227636038e+00
1.877758580602717053e+00 1.027153985152121224e-01 1.500124192775022625e+00
1.893619359875891028e+00 9.108466617124946763e-02 1.500110981481073358e+00
1.908737026987496810e+00 7.978374826647957607e-02 1.500097897967659799e+00
1.923072435528523583e+00 6.881927486072825229e-02 1.500084981856653066e+00
1.936586439089961420e+00 5.819787601382067632e-02 1.500072272769924719e+00
1.949239891262800395e+00 4.792618178558269437e-02 1.500059810329345877e+00
1.960993645638029026e+00 3.801082223583998609e-02 1.500047634156788767e+00
1.971808555806638052e+00 2.845842742441839768e-02 1.500035783874124506e+00
1.981645475359616437e+00 1.927562741114308142e-02 1.500024299103224656e+00
1.990465257887954698e+00 1.046905225583996679e-02 1.500013219465960113e+00
1.998228756982641574e+00 2.045332018334788948e-03 1.500002584584203325e+00
2.004900824576771878e+00 -5.989810334767069026e-03 1.499992430736729387e+00
2.010481112988423469e+00 -1.363854690747744007e-02 1.499982765105003280e+00
2.014987193031771540e+00 -2.090711492527554463e-02 1.499973579888468578e+00
2.018436783607737262e+00 -2.780178520968570530e-02 1.499964867162751236e+00
2.020847603617240917e+00 -3.432882858223226114e-02 1.499956619003476543e+00
2.022237371961202790e+00 -4.049451586443952172e-02 1.499948827486270897e+00
2.022623807540543162e+00 -4.630511787783182093e-02 1.499941484686759363e+00
2.022024629256183204e+00 -5.176690544393348914e-02 1.499934582680567896e+00
2.020457556009042754e+00 -5.688614938426883594e-02 1.499928113543322450e+00
2.017940306700042541e+00 -6.166912052036196273e-02 1.499922069350648313e+00
2.014490600230103290e+00 -6.612208967373768564e-02 1.499916442178171216e+00
2.010126155500144396e+00 -7.025132766592007139e-02 1.499911224101517115e+00
2.004864691411087474e+00 -7.406310531843346423e-02 1.499906407196311742e+00
1.998723926863852363e+00 -7.756369345280218763e-02 1.499901983538180827e+00
1.991721580759360011e+00 -8.075936289055052342e-02 1.499897945202749883e+00
1.983875371998530701e+00 -8.365638445320286443e-02 1.499894284265644639e+00
1.975203019482284272e+00 -8.626102896228349248e-02 1.499890992802490830e+00
1.965722242111542561e+00 -8.857956723931674492e-02 1.499888062888914186e+00
1.955450758787224741e+00 -9.061827010582693132e-02 1.499885486600540219e+00
1.944406288410251538e+00 -9.238340838333840288e-02 1.499883256012994881e+00
1.932606549881543678e+00 -9.388125289337548307e-02 1.499881363201903905e+00
1.920069262102021668e+00 -9.511807445746248146e-02 1.499879800242893024e+00
1.906812143972605789e+00 -9.610014389712374927e-02 1.499878559211587747e+00
1.892852914394216324e+00 -9.683373203388359607e-02 1.499877632183613363e+00
1.878209292267774222e+00 -9.732510968926633144e-02 1.499877011234596491e+00
1.862898996494200210e+00 -9.758054768479632046e-02 1.499876688440162420e+00
1.846939745974413682e+00 -9.760631684199785885e-02 1.499876655875936660e+00
1.830349259609335588e+00 -9.740868798239527004e-02 1.499876905617545386e+00
1.813145256299886654e+00 -9.699393192751289139e-02 1.499877429740613888e+00
1.795345454946986941e+00 -9.636831949887508797e-02 1.499878220320768119e+00
1.776967574451557175e+00 -9.553812151800608610e-02 1.499879269433633588e+00
1.758029333714517639e+00 -9.450960880643027862e-02 1.499880569154836030e+00
1.738548451636789505e+00 -9.328905218567203061e-02 1.499882111560001396e+00
1.718542647119292388e+00 -9.188272247725559616e-02 1.499883888724755199e+00
1.698029639062946794e+00 -9.029689050270532646e-02 1.499885892724722947e+00
1.677027146368673671e+00 -8.853782708354557274e-02 1.499888115635530372e+00
1.655552887937392859e+00 -8.661180304130064456e-02 1.499890549532803874e+00
1.633624582670025527e+00 -8.452508919749480987e-02 1.499893186492168295e+00
1.611259949467491515e+00 -8.228395637365255866e-02 1.499896018589249591e+00
1.588476707230711993e+00 -7.989467539129800622e-02 1.499899037899673937e+00
1.565292574860606800e+00 -7.736351707195561478e-02 1.499902236499066621e+00
1.541725271258096441e+00 -7.469675223714961065e-02 1.499905606463053154e+00
1.517792515324101643e+00 -7.190065170840445608e-02 1.499909139867259711e+00
1.493512025959542688e+00 -6.898148630724437735e-02 1.499912828787312025e+00
1.468901522065339860e+00 -6.594552685519368407e-02 1.499916665298835161e+00
1.443978722542414328e+00 -6.279904417377679682e-02 1.499920641477455074e+00
1.418761346291685710e+00 -5.954830908451796967e-02 1.499924749398798163e+00
1.393267112214075176e+00 -5.619959240894149832e-02 1.499928981138489048e+00
1.367513739210503232e+00 -5.275916496857187277e-02 1.499933328772154351e+00
1.341518946181889271e+00 -4.923329758493322217e-02 1.499937784375419358e+00
1.315300452029154687e+00 -4.562826107954995325e-02 1.499942340023909582e+00
1.288875975653219763e+00 -4.195032627394640334e-02 1.499946987793251196e+00
1.262263235955004781e+00 -3.820576398964686815e-02 1.499951719759069491e+00
1.235479951835430468e+00 -3.440084504817575439e-02 1.499956527996990419e+00
1.208543842195417106e+00 -3.054184027105733001e-02 1.499961404582639712e+00
1.181472625935885645e+00 -2.663502047981586296e-02 1.499966341591643104e+00
1.154284021957755701e+00 -2.268665649597578771e-02 1.499971331099626104e+00
1.126995749161948002e+00 -1.870301914106134444e-02 1.499976365182214444e+00
1.099625526449383273e+00 -1.469037923659685663e-02 1.499981435915033856e+00
1.072191072720982019e+00 -1.065500760410675873e-02 1.499986535373710073e+00
1.044710106877664746e+00 -6.603175065115290954e-03 1.499991655633869048e+00
1.017200347820353068e+00 -2.541152441146943275e-03 1.499996788771136069e+00
9.896795144499642705e-01 1.524789446274149932e-03 1.500001926861136869e+00
9.621653256674207455e-01 5.588379775623741538e-03 1.500007061979497403e+00
9.346755003736429979e-01 9.643347725377383189e-03 1.500012186201843400e+00
9.072277574695513103e-01 1.368342247401075316e-02 1.500017291603800373e+00
8.798398158560661875e-01 1.770233319999952107e-02 1.500022370260994053e+00
8.525293944341081342e-01 2.169380908181936518e-02 1.500027414249050173e+00
8.253142121045975443e-01 2.565157929794595684e-02 1.500032415643594685e+00
7.982119877684549225e-01 2.956937302685496913e-02 1.500037366520252879e+00
7.712404403266005515e-01 3.344091944702207858e-02 1.500042258954650931e+00
7.444172886799552691e-01 3.725994773692295481e-02 1.500047085022414128e+00
7.177602517294392470e-01 4.102018707503327782e-02 1.500051836799168203e+00
6.912870483759729900e-01 4.471536663982871029e-02 1.500056506360539110e+00
6.650153975204770029e-01 4.833921560978494958e-02 1.500061085782152137e+00
6.389630180638719015e-01 5.188546316337764447e-02 1.500065567139633682e+00
6.131476289070778574e-01 5.534783847908247845e-02 1.500069942508608811e+00
5.875869489510154864e-01 5.872007073537512806e-02 1.500074203964703479e+00
5.622986970966051823e-01 6.199588911073126291e-02 1.500078343583543417e+00
5.373005922447674498e-01 6.516902278362655954e-02 1.500082353440754357e+00
5.126103532964227938e-01 6.823320093253670837e-02 1.500086225611961810e+00
4.882456991524917189e-01 7.118215273593735126e-02 1.500089952172791952e+00
4.642243487138946190e-01 7.400960737230416475e-02 1.500093525198869626e+00
4.405640208815518877e-01 7.670929402011285314e-02 1.500096936765821454e+00
4.172824345563839743e-01 7.927494185783906522e-02 1.500100178949272944e+00
3.943973086393115501e-01 8.170028006395847753e-02 1.500103243824849164e+00
3.719263620312548979e-01 8.397903781694676661e-02 1.500106123468176511e+00
3.498873136331344669e-01 8.610494429527962290e-02 1.500108809954880273e+00
3.282978823458708728e-01 8.807172867743270905e-02 1.500111295360586627e+00
3.071757870703845095e-01 8.987312014188168774e-02 1.500113571760920639e+00
2.865387467075957706e-01 9.150284786710223550e-02 1.500115631231508706e+00
2.664044801584251054e-01 9.295464103157004276e-02 1.500117465847975895e+00
2.467907063237931298e-01 9.422222881376075831e-02 1.500119067685948382e+00
2.277151441046202374e-01 9.529934039215007258e-02 1.500120428821051455e+00
2.091955124018268497e-01 9.617970494521366209e-02 1.500121541328911512e+00
1.912495301163333328e-01 9.685705165142720341e-02 1.500122397285153397e+00
1.738949161490604134e-01 9.732510968926635919e-02 1.500122988765403509e+00
1.571493894009283465e-01 9.757760823720680599e-02 1.500123307845287135e+00
1.410306687728577202e-01 9.760827647372420646e-02 1.500123346600430230e+00
1.255564731657689004e-01 9.741084357729426491e-02 1.500123097106458303e+00
1.107445214805821698e-01 9.697903872639265788e-02 1.500122551438997087e+00
9.661253261821840799e-02 9.630659109949502028e-02 1.500121701673672536e+00
8.317822547959792534e-02 9.538722987507702866e-02 1.500120539886109938e+00
7.045931896564108787e-02 9.421468423161437344e-02 1.500119058151935469e+00
5.847353197726840035e-02 9.278268334758274505e-02 1.500117248546774418e+00
4.723858341540038142e-02 9.108495640145779226e-02 1.500115103146252959e+00
3.677219218095745257e-02 8.911523257171519163e-02 1.500112614025996161e+00
2.709207717485972999e-02 8.686724103683063358e-02 1.500109773261630419e+00
1.821595729802832908e-02 8.433471097527978078e-02 1.500106572928780801e+00
1.016155145138342153e-02 8.151137156553829588e-02 1.500103005103073484e+00
2.946578535845401081e-03 7.839095198608186932e-02 1.500099061860133975e+00
-3.411242547665227498e-03 7.496718141538616376e-02 1.500094735275588009e+00
-8.894192898227681887e-03 7.123378903192709166e-02 1.500090017425061539e+00
-1.348455361492234550e-02 6.718450401417985773e-02 1.500084900384179631e+00
-1.716460579682804743e-02 6.281305554062044383e-02 1.500079376228568684e+00
-1.991663054302456048e-02 5.811317278972441547e-02 1.500073437033853763e+00
-2.172290895259132437e-02 5.307858493996747695e-02 1.500067074875661266e+00
-2.256572212460783433e-02 4.770302116982530483e-02 1.500060281829616482e+00
-2.242735115815386315e-02 4.198021065777365890e-02 1.500053049971345143e+00
-2.129007715230868403e-02 3.590388258228804919e-02 1.500045371376472980e+00
-1.913618120615212526e-02 2.946776612184423549e-02 1.500037238120625727e+00
-1.594794441876334901e-02 2.266559045491789437e-02 1.500028642279429114e+00
-1.170764788922207256e-02 1.549108475998473011e-02 1.500019575928508875e+00
-6.397572716607902166e-03 7.937978215520336001e-03 1.500010031143490519e+00
0.000000000000000000e+00 0.000000000000000000e+00 1.500000000000000000e+00
